0,0,0,0,0,0,0,11,0,0,35,47,35,36,6,0,0,0,656
0,0,0,0,0,0,0,12,30,42,38,39,6,46,1460,1460,1460,1460,1460
0,0,0,0,0,0,0,13,54,66,39,40,6,46,1281,1281,5,80,6
0,0,0,0,0,0,0,14,18,16,6,17,6,17,8,0,0,0,0
0,0,0,0,0,0,0,15,51,63,41,42,6,46,1460,1460,1460,1460,1460
0,0,0,0,0,0,0,16,0,0,44,56,45,46,6,46,1460,1460,1460
0,0,0,0,0,0,0,16,14,28,9,16,7,0,0,0,34,9,34
0,0,0,0,0,0,0,17,18,49,21,41,28,47,26,0,0,0,0
0,0,0,0,0,0,0,17,21,0,0,0,6,17,6,16,8,0,0
0,0,0,0,0,0,0,18,42,54,56,57,6,46,1460,1460,1460,1460,1460
0,0,0,0,0,0,0,18,44,56,42,43,6,46,1460,1460,1460,1460,1460
0,0,0,0,0,0,0,21,35,47,54,55,6,46,1460,1460,1460,1460,1460
0,0,0,0,0,0,0,24,42,54,70,71,6,46,1460,1460,641,641,5
0,0,0,0,0,0,0,27,51,63,48,49,6,46,1460,1460,1460,1460,1460
0,0,0,0,0,0,0,29,18,49,21,41,28,47,26,0,0,0,0
0,0,0,0,0,0,0,30,18,49,21,41,28,47,26,0,0,0,0
0,0,0,0,0,0,0,31,73,85,57,0,0,0,6,0,0,0,1460
0,0,0,0,0,0,0,32,18,49,21,41,28,47,26,0,0,0,0
0,0,0,0,0,0,0,34,18,49,21,41,28,47,26,0,0,0,0
0,0,0,0,0,0,0,41,81,93,40,41,6,46,1460,1460,1460,1460,1460
0,0,0,0,0,0,0,8,14,0,0,0,280,0,0,0,0
0,0,0,0,0,0,0,9,15,0,0,0,6,17,6,0,0,0,8
0,0,0,0,0,0,1078,0,0,0
0,0,0,0,0,0,1089,0,0,0
0,0,0,0,0,0,1091,0,0,0
0,0,0,0,0,0,1171,0,0,0
0,0,0,0,0,0,1426,0,0,0
0,0,0,0,0,1018,0,0,0
0,0,0,0,0,1020,0,0,0
0,0,0,0,0,1029,0,0,0
0,0,0,0,0,1032,0,0,0
0,0,0,0,0,1035,0,0,0
0,0,0,0,0,1042,0,0,0
0,0,0,0,0,1049,0,0,0
0,0,0,0,0,1058,0,0,0
0,0,0,0,0,1059,0,0,0
0,0,0,0,0,106,0,0,0
0,0,0,0,0,1185,0,0,0
0,0,0,0,0,119,0,0,0
0,0,0,0,0,12,1,15,56,1,17,1,24,0,0,0,0
0,0,0,0,0,122,0,0,0
0,0,0,0,0,1229,1434,0,0
0,0,0,0,0,125,88,291,0,0,0
0,0,0,0,0,127,0,0,0
0,0,0,0,0,129,829,6,0,0,0
0,0,0,0,0,1315,0,0,0
0,0,0,0,0,132,0,0,0
0,0,0,0,0,134,0,0,0
0,0,0,0,0,134,410,181,0,0,190,256,177,997,172,0,0,0,0
0,0,0,0,0,1356,0,0,0
0,0,0,0,0,1358,0,0,0
0,0,0,0,0,137,0,0,0
0,0,0,0,0,137,175,202,0,0,273,126,98,57,170,139,63,0,0
0,0,0,0,0,137,176,202,270,126,98,57,106,139,139,51,63,127,305
0,0,0,0,0,137,176,202,282,126,98,57,106,139,139,51,63,127,305
0,0,0,0,0,137,176,202,273,126,98,57,73,0,0,0,0
0,0,0,0,0,137,178,202,286,126,98,57,104,139,139,51,63,131,173
0,0,0,0,0,137,178,212,274,126,102,62,1460,1460,1460,809,0,0,0
0,0,0,0,0,137,179,202,267,126,98,57,74,0,0,0,0
0,0,0,0,0,137,181,202,260,126,98,57,128,139,63,275,126,139,63
0,0,0,0,0,137,182,202,270,126,98,0,0,0,0
0,0,0,0,0,137,186,202,270,126,98,57,116,139,1460,1460,699,0,0
0,0,0,0,0,137,196,102,0,0,0
0,0,0,0,0,139,368,150,145,0,0,0,0,0,152,1038,147,0,0
0,0,0,0,0,141,0,0,0
0,0,0,0,0,141,370,224,219,249,216,1097,211,0,0,0,0,0,0
0,0,0,0,0,14,22,128,0,0,0
0,0,0,0,0,14,22,860,0,0,0
0,0,0,0,0,142,371,152,147,0,0,0,0,0,0,0,0,0,155
0,0,0,0,0,143,0,0,0
0,0,0,0,0,144,373,154,149,0,0,0,0,0,0,0,0,0,0
0,0,0,0,0,144,373,172,167,418,165,1050,160,0,0,0,0,0,0
0,0,0,0,0,145,374,163,158,0,0,0,156,1041,151,0,0,0,0
0,0,0,0,0,1460,1188,1188,0,0,0
0,0,0,0,0,1460,1460,1053,0,0,0
0,0,0,0,0,1460,1460,1228,0,0,0
0,0,0,0,0,1460,1460,128,0,0,0
0,0,0,0,0,1460,1460,1460,120,0,0,0,0
0,0,0,0,0,1460,1460,1460,130,1460,1460,130,130,0,0,0,0
0,0,0,0,0,1460,1460,1460,1330,1330,1330,0,0,0,0
0,0,0,0,0,1460,1460,1460,1430,0,0,0,0,0,0,0,0,0,1460
0,0,0,0,0,1460,1460,1460,1460,1460,1460,1460,1241,0,0,0,0
0,0,0,0,0,1460,1460,1460,1460,1460,1460,1460,1290,0,0,0,0
0,0,0,0,0,1460,1460,1460,1460,1460,1460,1460,1460,1460,120,0,0,0,0
0,0,0,0,0,1460,1460,1460,1460,1460,1460,1460,1460,1460,1460,1460,1460,1460,1460
0,0,0,0,0,1460,1460,1460,1460,1460,1460,1460,1460,1460,1460,1460,1460,1460,1460
0,0,0,0,0,1460,1460,1460,1460,1460,1460,1460,1460,1460,1460,1460,1460,1460,1460
0,0,0,0,0,1460,1460,1460,1460,1460,1460,1460,1460,1460,1460,1460,1460,1460,1460
0,0,0,0,0,1460,1460,1460,1460,1460,1460,1460,1460,1460,1460,1460,1460,1460,1460
0,0,0,0,0,1460,1460,1460,1460,1460,1460,1460,1460,1460,1460,1460,1460,1460,1460
0,0,0,0,0,1460,1460,1460,1460,1460,1460,1460,1460,1460,1460,1460,1460,1460,1460
0,0,0,0,0,1460,1460,1460,1460,1460,1460,1460,1460,1460,1460,1460,1460,1460,1460
0,0,0,0,0,1460,1460,1460,1460,1460,1460,1460,1460,1460,1460,1460,1460,1460,1460
0,0,0,0,0,1460,1460,1460,1460,1460,1460,1460,1460,1460,1460,1460,1460,1460,1460
0,0,0,0,0,1460,1460,1460,1460,1460,1460,1460,1460,1460,1460,1460,1460,1460,1460
0,0,0,0,0,1460,1460,1460,1460,1460,1460,1460,1460,1460,1460,1460,1460,1460,1460
0,0,0,0,0,1460,1460,1460,1460,1460,1460,1460,1460,1460,1460,1460,1460,1460,1460
0,0,0,0,0,1460,1460,1460,1460,1460,1460,1460,1460,1460,1460,1460,1460,1460,1460
0,0,0,0,0,1460,1460,1460,1460,1460,1460,1460,1460,1460,1460,1460,1460,1460,1460
0,0,0,0,0,1460,1460,1460,1460,1460,1460,1460,1460,1460,1460,1460,1460,1460,1460
0,0,0,0,0,1460,1460,1460,1460,1460,1460,1460,1460,1460,1460,1460,1460,1460,1460
0,0,0,0,0,1460,1460,1460,1460,1460,1460,1460,1460,1460,1460,1460,1460,1460,1460
0,0,0,0,0,1460,1460,1460,1460,1460,1460,1460,1460,1460,1460,1460,1460,1460,1460
0,0,0,0,0,1460,1460,1460,1460,1460,1460,1460,1460,1460,1460,1460,1460,1460,1460
0,0,0,0,0,1460,1460,1460,1460,1460,1460,1460,1460,1460,1460,1460,1460,1460,1460
0,0,0,0,0,1460,1460,1460,1460,1460,1460,1460,1460,1460,1460,1460,223,0,0
0,0,0,0,0,1460,1460,1460,1460,1460,1460,1460,1460,1460,48,0,0,0,0
0,0,0,0,0,1460,1460,1460,1460,1460,1460,1460,304,0,0,0,0
0,0,0,0,0,1460,1460,1460,1460,1460,1460,1460,520,0,0,0,0
0,0,0,0,0,1460,1460,1460,1460,1460,1460,1460,824,0,0,0,0
0,0,0,0,0,1460,1460,1460,1460,1460,1460,1460,872,0,0,0,0
0,0,0,0,0,1460,1460,1460,1460,1460,430,0,0,0,0
0,0,0,0,0,1460,1460,1460,1460,1460,674,0,0,0,0
0,0,0,0,0,1460,1460,1460,1460,1460,678,0,0,0,0
0,0,0,0,0,1460,1460,1460,1460,1460,736,0,0,0,0
0,0,0,0,0,1460,1460,1460,1460,1460,833,0,0,0,0
0,0,0,0,0,1460,1460,1460,263,0,0,0,0
0,0,0,0,0,1460,1460,1460,561,0,0,0,0
0,0,0,0,0,1460,1460,1460,659,0,0,0,0
0,0,0,0,0,1460,1460,1460,95,0,0,0,0
0,0,0,0,0,1460,1460,1460,0,0,0,0
0,0,0,0,0,1460,1460,1460,0,0,0,0
0,0,0,0,0,1460,1460,178,0,0,0
0,0,0,0,0,1460,1460,182,0,0,0
0,0,0,0,0,1460,1460,186,0,0,0
0,0,0,0,0,1460,1460,189,0,0,0
0,0,0,0,0,1460,1460,225,1460,1460,354,138,1358,88,1420,46,1382,1460,1460
0,0,0,0,0,1460,1460,23,0,0,0
0,0,0,0,0,1460,1460,367,0,0,0
0,0,0,0,0,1460,1460,405,1460,1460,158,8,1460,1460,40,1452,1460,1460,215
0,0,0,0,0,1460,1460,53,0,0,0
0,0,0,0,0,1460,1460,64,0,0,0
0,0,0,0,0,1460,1460,72,0,0,0
0,0,0,0,0,1460,1460,74,0,0,0
0,0,0,0,0,1460,1460,810,0,0,0
0,0,0,0,0,1460,251,251,0,0,0
0,0,0,0,0,1460,431,431,0,1460,1460,727,727,176,0,0,0
0,0,0,0,0,1460,498,498,0,0,0
0,0,0,0,0,1460,670,670,0,0,0
0,0,0,0,0,148,377,229,224,901,228,1109,223,0,0,0,0,0,0
0,0,0,0,0,149,378,164,159,0,0,0,0,0,0,0,162,1048,157
0,0,0,0,0,150,0,0,0
0,0,0,0,0,151,380,171,166,0,0,0,173,1055,168,0,0,0,0
0,0,0,0,0,151,583,162,0,0,0
0,0,0,0,0,152,0,0,0
0,0,0,0,0,153,0,0,0
0,0,0,0,0,153,382,166,161,1042,161,1046,156,0,0,0,0,0,0
0,0,0,0,0,153,382,167,162,0,0,0,0,0,0,0,0,0,0
0,0,0,0,0,153,382,170,165,1016,166,1051,161,0,0,0,0,0,0
0,0,0,0,0,154,0,0,0
0,0,0,0,0,154,383,172,167,0,0,0,0,0,0,0,0,0,0
0,0,0,0,0,154,384,170,165,52,159,1044,154,0,0,0,0,0,0
0,0,0,0,0,154,512,673,0,0,0
0,0,0,0,0,155,262,155,0,0,0
0,0,0,0,0,155,378,163,0,0,0
0,0,0,0,0,155,384,165,0,0,160,0,0,0,0,0,0,0,0
0,0,0,0,0,156,0,0,0
0,0,0,0,0,156,385,177,172,1001,174,1059,169,0,0,0,0,0,0
0,0,0,0,0,157,0,0,0
0,0,0,0,0,157,387,167,162,0,0,0,0,0,0,0,0,0,0
0,0,0,0,0,158,0,0,0
0,0,0,0,0,158,0,0,0,0,0,0,0,0,0,0,0,0,0
0,0,0,0,0,158,387,177,172,421,163,1049,158,0,0,0,0,0,0
0,0,0,0,0,159,0,0,0
0,0,0,0,0,159,273,165,0,0,0
0,0,0,0,0,159,388,172,167,0,0,0,0,0,0,0,0,1415,170
0,0,0,0,0,160,0,0,0
0,0,0,0,0,161,0,0,0
0,0,0,0,0,161,0,0,0,0,0,0,0
0,0,0,0,0,161,1029,156,0,0,0
0,0,0,0,0,162,0,0,0
0,0,0,0,0,162,0,0,0,0,0
0,0,0,0,0,162,391,173,168,1254,175,1060,170,0,0,0,0,0,0
0,0,0,0,0,162,394,177,0,0,0
0,0,0,0,0,162,417,694,0,0,0
0,0,0,0,0,163,0,0,0
0,0,0,0,0,163,276,168,0,0,0
0,0,0,0,0,163,392,174,169,0,0,0,0,0,0,0,175,1061,170
0,0,0,0,0,164,0,0,0
0,0,0,0,0,164,0,0,0,0,0
0,0,0,0,0,164,0,0,0,0,0,0,0,0,0,0,0,0,0
0,0,0,0,0,164,393,174,169,461,175,1060,170,0,0,0,0,0,0
0,0,0,0,0,164,393,190,185,1421,186,1071,181,0,0,0,0,0,0
0,0,0,0,0,165,0,0,0
0,0,0,0,0,165,0,0,0,0,0
0,0,0,0,0,165,0,0,0,0,0,0,0,0,0,0,0,0,0
0,0,0,0,0,165,394,190,185,484,183,1068,178,0,0,0,0,0,0
0,0,0,0,0,166,0,0,0
0,0,0,0,0,166,0,0,0,0,0
0,0,0,0,0,166,0,0,0,0,0,0,0,0,0,0,0,0,0
0,0,0,0,0,167,0,0,0
0,0,0,0,0,167,0,0,0,0,0
0,0,0,0,0,167,396,180,175,0,0,0,0,0,0,0,0,0,0
0,0,0,0,0,167,396,187,182,0,0,0,188,1072,183,0,0,0,0
0,0,0,0,0,168,0,0,0
0,0,0,0,0,168,0,0,0,0,0
0,0,0,0,0,168,0,0,0,0,0,0,0
0,0,0,0,0,168,0,0,0,0,0,0,0,0,0
0,0,0,0,0,168,279,172,0,0,0
0,0,0,0,0,169,0,0,0
0,0,0,0,0,169,0,0,0,0,0
0,0,0,0,0,169,0,0,0,0,0,0,0,0,0,0,0
0,0,0,0,0,169,0,0,0,0,0,0,0,0,0,0,0,0,0
0,0,0,0,0,169,0,0,0,0,0,0,0,0,0,0,0,0,0
0,0,0,0,0,169,0,0,194,0,0,0,0
0,0,0,0,0,170,0,0,0
0,0,0,0,0,170,0,0,0,0,0
0,0,0,0,0,170,0,0,0,0,0,0,0
0,0,0,0,0,170,0,0,0,0,0,0,0,0,0,0,0,0,0
0,0,0,0,0,170,0,0,0,0,0,0,0,0,0,0,0,0,0
0,0,0,0,0,170,0,0,0,0,0,0,0,0,0,0,0,0,0
0,0,0,0,0,171,0,0,0
0,0,0,0,0,171,0,0,0,0,0
0,0,0,0,0,171,0,0,0,0,0,0,0,0,0,0,0
0,0,0,0,0,171,986,172,0,0,0
0,0,0,0,0,172,0,0,0
0,0,0,0,0,172,0,0,0,0,0,0,0,0,0
0,0,0,0,0,172,0,0,0,0,0,0,0,0,0,0,0,0,0
0,0,0,0,0,172,115,175,0,0,0
0,0,0,0,0,172,419,235,0,0,0
0,0,0,0,0,173,0,0,0
0,0,0,0,0,173,0,0,0,0,0
0,0,0,0,0,173,0,0,0,0,0,0,0,0,0,0,0
0,0,0,0,0,173,0,0,0,0,0,0,0,0,0,0,0,0,0
0,0,0,0,0,173,0,0,0,0,0,0,0,0,0,0,0,0,0
0,0,0,0,0,173,338,182,0,0,0
0,0,0,0,0,174,0,0,0
0,0,0,0,0,174,0,0,0,0,0
0,0,0,0,0,174,0,0,0,0,0,0,0
0,0,0,0,0,174,0,0,0,0,0,0,0,0,0
0,0,0,0,0,174,0,0,0,0,0,0,0,0,0,0,0,0,0
0,0,0,0,0,175,0,0,0
0,0,0,0,0,175,0,0,0,0,0
0,0,0,0,0,175,0,0,0,0,0,0,0,0,0,0,0,0,0
0,0,0,0,0,175,0,0,0,0,0,0,0,0,0,0,0,0,0
0,0,0,0,0,175,0,0,0,0,0,0,0,0,0,0,0,0,0
0,0,0,0,0,175,0,0,0,0,0,0,0,0,175,0,0,0,0
0,0,0,0,0,175,334,186,0,0,0,0,183,0,0,0,0,0,0
0,0,0,0,0,176,0,0,0
0,0,0,0,0,176,0,0,0,0,0
0,0,0,0,0,176,0,0,0,0,0,0,0
0,0,0,0,0,176,0,0,0,0,0,0,0,0,0
0,0,0,0,0,176,0,0,0,0,0,0,0,0,0,0,0,0,0
0,0,0,0,0,176,0,0,0,0,0,0,0,0,0,0,0,0,0
0,0,0,0,0,176,1044,171,0,0,0
0,0,0,0,0,176,128,248,0,0,0
0,0,0,0,0,176,128,446,0,0,0
0,0,0,0,0,176,394,1460,1460,1460,1460,1460,1460,1460,1460,1460,1223,0,0
0,0,0,0,0,176,620,219,0,0,0,0,0
0,0,0,0,0,177,0,0,0
0,0,0,0,0,177,0,0,0,0,0
0,0,0,0,0,177,0,0,0,0,0,0,0,0,0
0,0,0,0,0,177,0,0,0,0,0,0,0,0,0,0,0,0,0
0,0,0,0,0,177,105,194,0,0,0
0,0,0,0,0,177,1116,179,0,0,0
0,0,0,0,0,177,43,169,0,0,0
0,0,0,0,0,178,0,0,0
0,0,0,0,0,178,0,0,0,0,0
0,0,0,0,0,178,0,0,0,0,0,0,0,0,0
0,0,0,0,0,178,0,0,0,0,0,0,0,0,0,0,0,0,0
0,0,0,0,0,178,795,230,0,0,0
0,0,0,0,0,179,0,0,0
0,0,0,0,0,179,0,0,0,0,0
0,0,0,0,0,179,0,0,0,0,0,0,0
0,0,0,0,0,179,1130,188,190,0,0,0,0
0,0,0,0,0,179,897,338,0,0,0
0,0,0,0,0,180,0,0,0
0,0,0,0,0,180,0,0,0,0,0
0,0,0,0,0,180,0,0,0,0,0,0,0
0,0,0,0,0,180,0,0,0,0,0,0,0,0,0,0,0
0,0,0,0,0,180,0,0,0,0,0,0,0,0,180,0,0,0,0
0,0,0,0,0,180,1147,183,0,0,0,0,0,0,0,0,0,0,0
0,0,0,0,0,180,334,197,0,0,0
0,0,0,0,0,180,393,181,0,0,0
0,0,0,0,0,181,0,0,0
0,0,0,0,0,181,0,0,0,0,0
0,0,0,0,0,181,0,0,0,0,0,0,0
0,0,0,0,0,181,0,0,0,0,0,0,0,0,0,0,0,0,0
0,0,0,0,0,181,0,0,0,0,0,0,0,0,0,0,0,0,0
0,0,0,0,0,182,0,0,0
0,0,0,0,0,182,0,0,0,0,0
0,0,0,0,0,182,0,0,0,0,0,0,0
0,0,0,0,0,182,0,0,0,0,0,0,0,0,0
0,0,0,0,0,182,0,0,202,0,0,0,0,0,0,0,0,0,0
0,0,0,0,0,183,0,0,0
0,0,0,0,0,183,0,0,0,0,0
0,0,0,0,0,183,0,0,0,0,0,0,0,0,183,0,0,0,0
0,0,0,0,0,183,0,0,0,0,0,0,0,0,183,0,0,0,0
0,0,0,0,0,183,1014,194,0,0,0
0,0,0,0,0,183,470,180,0,0,0,0,0
0,0,0,0,0,183,836,223,0,0,0
0,0,0,0,0,184,0,0,0
0,0,0,0,0,184,0,0,0,0,0
0,0,0,0,0,184,0,0,0,0,0,0,0,0,0,0,0
0,0,0,0,0,184,0,0,0,0,0,0,0,0,0,0,0,0,0
0,0,0,0,0,185,0,0,0
0,0,0,0,0,185,0,0,0,0,0
0,0,0,0,0,185,0,0,0,0,0,0,0,0,0,0,0,0,0
0,0,0,0,0,185,0,0,0,0,0,0,0,0,0,0,0,0,0
0,0,0,0,0,185,553,194,0,0,0
0,0,0,0,0,186,0,0,0
0,0,0,0,0,186,350,194,0,0,0
0,0,0,0,0,186,429,188,0,0,0
0,0,0,0,0,186,440,187,0,0,0,0,0,0,0,0,0,0,0
0,0,0,0,0,186,531,196,0,0,0,0,0
0,0,0,0,0,187,0,0,0
0,0,0,0,0,187,0,0,0,0,0
0,0,0,0,0,187,0,0,0,0,0,0,0
0,0,0,0,0,187,0,0,0,0,0,0,0,0,0,0,0
0,0,0,0,0,187,0,0,0,0,0,0,0,0,0,0,0,0,0
0,0,0,0,0,187,0,0,0,0,0,0,0,0,0,0,0,0,0
0,0,0,0,0,187,676,225,0,0,0
0,0,0,0,0,187,992,196,0,0,0
0,0,0,0,0,188,0,0,0
0,0,0,0,0,188,0,0,0,0,0
0,0,0,0,0,188,0,0,0,0,0,0,0
0,0,0,0,0,188,0,0,0,0,0,0,0,0,0,0,0,0,0
0,0,0,0,0,188,1024,198,0,0,0
0,0,0,0,0,189,0,0,0
0,0,0,0,0,189,0,0,0,0,0
0,0,0,0,0,189,0,0,0,0,0,0,0,0,0
0,0,0,0,0,189,0,0,0,0,0,0,0,0,0,0,0,0,0
0,0,0,0,0,189,397,199,0,0,0
0,0,0,0,0,189,415,187,0,0,0
0,0,0,0,0,189,683,243,0,0,0,0,0,0,0,0,189,683,243
0,0,0,0,0,190,0,0,0
0,0,0,0,0,190,0,0,0,0,0
0,0,0,0,0,190,227,190,191,0,0,0,0
0,0,0,0,0,191,0,0,0
0,0,0,0,0,191,0,0,0,0,0
0,0,0,0,0,191,0,0,0,0,0,0,0
0,0,0,0,0,191,0,0,0,0,0,0,0,0,0
0,0,0,0,0,191,0,0,0,0,0,0,0,0,0,0,0,0,0
0,0,0,0,0,191,303,191,0,0,0
0,0,0,0,0,191,438,206,0,0,0
0,0,0,0,0,192,0,0,0
0,0,0,0,0,192,0,0,0,0,0
0,0,0,0,0,192,441,188,0,0,0
0,0,0,0,0,192,631,232,0,0,0,0,0
0,0,0,0,0,193,0,0,0
0,0,0,0,0,193,0,0,0,0,0
0,0,0,0,0,193,0,0,0,0,0,0,0
0,0,0,0,0,193,0,0,0,0,0,0,0,0,0,0,0,0,0
0,0,0,0,0,194,0,0,0
0,0,0,0,0,194,0,0,0,0,0
0,0,0,0,0,194,0,0,0,0,0,0,0,0,0,0,0,0,0
0,0,0,0,0,194,0,0,0,0,0,0,0,0,194,0,0,0,0
0,0,0,0,0,195,0,0,0
0,0,0,0,0,195,0,0,0,0,0
0,0,0,0,0,195,0,0,0,0,0,0,0,0,0
0,0,0,0,0,195,0,0,0,0,0,0,0,0,0,0,0,0,0
0,0,0,0,0,195,631,195,0,0,0
0,0,0,0,0,196,0,0,0
0,0,0,0,0,196,0,0,0,0,0,0,0,0,196,0,0,0,0
0,0,0,0,0,197,0,0,0
0,0,0,0,0,197,0,0,0,0,0,0,0,0,0,0,0,0,0
0,0,0,0,0,198,0,0,0
0,0,0,0,0,198,0,0,0,0,0
0,0,0,0,0,198,414,219,198,0,0,0,0
0,0,0,0,0,198,416,175,0,0,0,0,0
0,0,0,0,0,198,814,198,0,0,0
0,0,0,0,0,199,0,0,0
0,0,0,0,0,199,521,209,0,0,0
0,0,0,0,0,200,0,0,0
0,0,0,0,0,200,0,0,0,0,0
0,0,0,0,0,200,1123,198,0,0,0
0,0,0,0,0,201,0,0,0
0,0,0,0,0,201,0,0,0,0,0
0,0,0,0,0,201,0,0,0,0,0,0,0,0,0,0,0,0,0
0,0,0,0,0,201,0,0,0,0,0,0,0,0,0,0,0,0,0
0,0,0,0,0,201,0,0,0,0,0,0,0,0,201,0,0,0,0
0,0,0,0,0,201,443,202,0,0,0
0,0,0,0,0,202,0,0,0
0,0,0,0,0,202,403,1460,1460,1460,162,1460,1460,162,162,0,0,0,0
0,0,0,0,0,203,0,0,0
0,0,0,0,0,203,0,0,0,0,0
0,0,0,0,0,203,0,0,0,0,0,0,0,0,0,0,0,0,0
0,0,0,0,0,203,0,0,0,0,0,0,0,0,0,0,0,0,0
0,0,0,0,0,203,429,218,203,0,0,0,0
0,0,0,0,0,204,0,0,0
0,0,0,0,0,204,0,0,0,0,0,0,0,0,204,0,0,0,0
0,0,0,0,0,204,455,357,0,0,0
0,0,0,0,0,205,0,0,0
0,0,0,0,0,205,0,0,0,0,0,0,0,0,205,0,0,0,0
0,0,0,0,0,205,790,241,0,0,0
0,0,0,0,0,206,0,0,0
0,0,0,0,0,206,1442,208,0,0,0
0,0,0,0,0,207,0,0,0
0,0,0,0,0,208,0,0,0
0,0,0,0,0,208,358,226,0,0,0
0,0,0,0,0,209,0,0,0
0,0,0,0,0,210,0,0,0
0,0,0,0,0,211,0,0,0
0,0,0,0,0,212,0,0,0
0,0,0,0,0,213,0,0,0
0,0,0,0,0,213,396,216,0,0,0
0,0,0,0,0,214,0,0,0
0,0,0,0,0,214,0,0,0,0,0
0,0,0,0,0,214,987,255,271,0,0,0,0
0,0,0,0,0,215,0,0,0
0,0,0,0,0,215,0,0,0,0,0
0,0,0,0,0,215,0,0,0,0,0,0,0,0,215,0,0,0,0
0,0,0,0,0,216,0,0,0
0,0,0,0,0,216,168,216,156,127,37,172,75,22,226,225,1326,0,0
0,0,0,0,0,217,0,0,0
0,0,0,0,0,218,0,0,0
0,0,0,0,0,218,130,271,228,0,0,0,0
0,0,0,0,0,218,170,218,156,127,37,172,75,22,226,225,1326,0,0
0,0,0,0,0,219,0,0,0
0,0,0,0,0,220,0,0,0
0,0,0,0,0,22,0,0,49,0,0,0,0
0,0,0,0,0,221,0,0,0
0,0,0,0,0,221,417,226,0,0,0
0,0,0,0,0,22,14,50,0,0,0
0,0,0,0,0,222,0,0,0
0,0,0,0,0,223,0,0,0
0,0,0,0,0,223,417,741,0,0,0
0,0,0,0,0,223,506,221,0,0,0
0,0,0,0,0,224,0,0,0
0,0,0,0,0,225,0,0,0
0,0,0,0,0,226,0,0,0
0,0,0,0,0,226,0,0,0,0,0
0,0,0,0,0,227,0,0,0
0,0,0,0,0,227,358,178,0,0,0
0,0,0,0,0,228,0,0,0
0,0,0,0,0,228,0,0,0,0,0
0,0,0,0,0,229,0,0,0
0,0,0,0,0,230,0,0,0
0,0,0,0,0,23,0,0,0,0,0,0,0,0,23,0,0,0,0
0,0,0,0,0,231,0,0,0
0,0,0,0,0,232,0,0,0
0,0,0,0,0,232,0,0,0,0,0,0,0,0,232,0,0,0,0
0,0,0,0,0,233,0,0,0
0,0,0,0,0,234,0,0,0
0,0,0,0,0,235,0,0,0
0,0,0,0,0,23,50,15,3,28,13,0,0,0,0
0,0,0,0,0,236,0,0,0
0,0,0,0,0,236,0,0,0,0,0,0,0,0,0,0,0
0,0,0,0,0,237,0,0,0
0,0,0,0,0,237,0,0,0,0,0,0,0,0,0,0,0
0,0,0,0,0,238,0,0,0
0,0,0,0,0,239,0,0,0
0,0,0,0,0,240,0,0,0
0,0,0,0,0,241,0,0,0
0,0,0,0,0,242,0,0,0
0,0,0,0,0,243,0,0,0
0,0,0,0,0,244,0,0,0
0,0,0,0,0,246,0,0,0
0,0,0,0,0,247,0,0,0
0,0,0,0,0,248,0,0,0
0,0,0,0,0,249,0,0,0
0,0,0,0,0,250,0,0,0
0,0,0,0,0,25,0,0,0,0,0,0,0,0,25,0,0,0,0
0,0,0,0,0,251,0,0,0
0,0,0,0,0,251,289,358,349,263,479,0,0,0,0
0,0,0,0,0,252,0,0,0
0,0,0,0,0,253,0,0,0
0,0,0,0,0,253,0,0,0,0,0,0,0,0,0,0,0,0,0
0,0,0,0,0,254,0,0,0
0,0,0,0,0,255,0,0,0
0,0,0,0,0,255,340,265,0,0,0,0,0
0,0,0,0,0,256,0,0,0
0,0,0,0,0,257,0,0,0
0,0,0,0,0,258,0,0,0
0,0,0,0,0,259,0,0,0
0,0,0,0,0,260,0,0,0
0,0,0,0,0,261,0,0,0
0,0,0,0,0,263,0,0,0
0,0,0,0,0,264,0,0,0
0,0,0,0,0,265,0,0,0
0,0,0,0,0,266,0,0,0
0,0,0,0,0,267,0,0,0
0,0,0,0,0,268,0,0,0
0,0,0,0,0,268,0,0,0,0,0
0,0,0,0,0,268,0,0,0,0,0,0,0,0,268,0,0,0,0
0,0,0,0,0,268,1147,1460,1460,152,0,0,0,0
0,0,0,0,0,269,0,0,0
0,0,0,0,0,270,0,0,0
0,0,0,0,0,271,0,0,0
0,0,0,0,0,27,15,12,277,0,0,0,0
0,0,0,0,0,27,15,12,508,0,0,0,0
0,0,0,0,0,27,15,12,58,0,0,0,0
0,0,0,0,0,27,15,12,59,0,0,0,0
0,0,0,0,0,272,0,0,0
0,0,0,0,0,273,0,0,0
0,0,0,0,0,273,1025,570,0,0,0
0,0,0,0,0,274,0,0,0
0,0,0,0,0,275,0,0,0
0,0,0,0,0,27,51,90,3,3,3,27,6,10,7,612,142,9,6
0,0,0,0,0,276,0,0,0
0,0,0,0,0,277,0,0,0
0,0,0,0,0,278,0,0,0
0,0,0,0,0,279,0,0,0
0,0,0,0,0,279,368,292,0,0,0,0,0
0,0,0,0,0,280,0,0,0
0,0,0,0,0,281,0,0,0
0,0,0,0,0,282,0,0,0
0,0,0,0,0,283,0,0,0
0,0,0,0,0,285,0,0,0
0,0,0,0,0,286,0,0,0
0,0,0,0,0,287,0,0,0
0,0,0,0,0,288,0,0,0
0,0,0,0,0,289,0,0,0
0,0,0,0,0,290,0,0,0
0,0,0,0,0,292,0,0,0
0,0,0,0,0,293,0,0,0
0,0,0,0,0,294,0,0,0
0,0,0,0,0,295,0,0,0
0,0,0,0,0,296,0,0,0
0,0,0,0,0,296,664,475,0,0,0
0,0,0,0,0,298,0,0,0
0,0,0,0,0,299,0,0,0
0,0,0,0,0,300,0,0,0
0,0,0,0,0,301,0,0,0
0,0,0,0,0,301,0,0,0,0,0,0,0,0,0,0,0,0,0
0,0,0,0,0,302,0,0,0
0,0,0,0,0,303,0,0,0
0,0,0,0,0,306,0,0,0
0,0,0,0,0,307,0,0,0
0,0,0,0,0,308,0,0,0
0,0,0,0,0,309,0,0,0
0,0,0,0,0,311,0,0,0
0,0,0,0,0,312,0,0,0
0,0,0,0,0,313,0,0,0
0,0,0,0,0,314,0,0,0
0,0,0,0,0,314,0,0,0,0,0
0,0,0,0,0,314,240,337,0,0,0
0,0,0,0,0,315,0,0,0
0,0,0,0,0,316,0,0,0
0,0,0,0,0,317,0,0,0
0,0,0,0,0,318,0,0,0
0,0,0,0,0,320,0,0,0
0,0,0,0,0,321,0,0,0
0,0,0,0,0,322,0,0,0
0,0,0,0,0,323,0,0,0
0,0,0,0,0,32,44,18,6,34,12,0,0,0,0
0,0,0,0,0,326,0,0,0
0,0,0,0,0,327,0,0,0
0,0,0,0,0,328,0,0,0
0,0,0,0,0,329,0,0,0
0,0,0,0,0,330,0,0,0
0,0,0,0,0,332,0,0,0
0,0,0,0,0,333,0,0,0
0,0,0,0,0,334,0,0,0
0,0,0,0,0,335,0,0,0
0,0,0,0,0,338,0,0,0
0,0,0,0,0,339,0,0,0
0,0,0,0,0,343,0,0,0
0,0,0,0,0,344,0,0,0
0,0,0,0,0,345,0,0,0
0,0,0,0,0,346,0,0,0
0,0,0,0,0,348,0,0,0
0,0,0,0,0,349,0,0,0
0,0,0,0,0,35,0,0,0
0,0,0,0,0,350,0,0,0
0,0,0,0,0,352,0,0,0
0,0,0,0,0,353,0,0,0
0,0,0,0,0,354,0,0,0
0,0,0,0,0,355,0,0,0
0,0,0,0,0,356,0,0,0
0,0,0,0,0,359,0,0,0
0,0,0,0,0,362,0,0,0
0,0,0,0,0,363,0,0,0
0,0,0,0,0,364,0,0,0
0,0,0,0,0,367,0,0,0
0,0,0,0,0,368,0,0,0
0,0,0,0,0,369,0,0,0
0,0,0,0,0,370,0,0,0
0,0,0,0,0,373,0,0,0
0,0,0,0,0,374,0,0,0
0,0,0,0,0,374,44,1460,1460,1460,1460,1460,1460,1460,1460,1460,1460,1460,1460
0,0,0,0,0,375,0,0,0
0,0,0,0,0,376,0,0,0
0,0,0,0,0,378,0,0,0
0,0,0,0,0,379,0,0,0
0,0,0,0,0,379,358,432,0,0,0
0,0,0,0,0,381,0,0,0
0,0,0,0,0,382,0,0,0
0,0,0,0,0,384,0,0,0
0,0,0,0,0,386,0,0,0
0,0,0,0,0,389,0,0,0
0,0,0,0,0,390,0,0,0
0,0,0,0,0,391,0,0,0
0,0,0,0,0,393,0,0,0
0,0,0,0,0,394,0,0,0
0,0,0,0,0,396,0,0,0
0,0,0,0,0,397,0,0,0
0,0,0,0,0,399,0,0,0
0,0,0,0,0,401,0,0,0
0,0,0,0,0,402,0,0,0
0,0,0,0,0,402,1181,315,0,0,0
0,0,0,0,0,403,0,0,0
0,0,0,0,0,407,0,0,0
0,0,0,0,0,408,0,0,0
0,0,0,0,0,411,0,0,0
0,0,0,0,0,412,0,0,0
0,0,0,0,0,413,0,0,0
0,0,0,0,0,414,0,0,0
0,0,0,0,0,41,41,369,0,0,0
0,0,0,0,0,416,0,0,0
0,0,0,0,0,419,0,0,0
0,0,0,0,0,424,0,0,0
0,0,0,0,0,427,0,0,0
0,0,0,0,0,432,0,0,0
0,0,0,0,0,435,0,0,0
0,0,0,0,0,436,0,0,0
0,0,0,0,0,440,440,606,0,0,0
0,0,0,0,0,442,0,0,0
0,0,0,0,0,445,0,0,0
0,0,0,0,0,446,0,0,0
0,0,0,0,0,446,0,0,375,572,455,247,521,561,475,417,133,1183,1043
0,0,0,0,0,45,0,0,1460,1460,1460,1460,1460,1460,1460,1460,1460,1460,1460
0,0,0,0,0,461,0,0,0
0,0,0,0,0,474,0,0,0
0,0,0,0,0,475,0,0,0
0,0,0,0,0,476,0,0,0
0,0,0,0,0,477,0,0,0
0,0,0,0,0,48,0,0,0
0,0,0,0,0,48,1387,92,92,1387,92,1387,92,1388,92,1387,92,1387,92
0,0,0,0,0,48,32,20,0,0,0
0,0,0,0,0,48,32,20,1460,1460,936,0,0,0,0
0,0,0,0,0,490,0,0,0
0,0,0,0,0,491,264,491,0,0,0
0,0,0,0,0,495,0,0,0
0,0,0,0,0,502,0,0,0
0,0,0,0,0,505,0,0,0
0,0,0,0,0,510,0,0,0
0,0,0,0,0,513,0,0,0
0,0,0,0,0,520,0,0,0
0,0,0,0,0,52,37,216,118,0,0,0,0
0,0,0,0,0,52,37,216,124,0,0,0,0
0,0,0,0,0,524,0,0,0
0,0,0,0,0,528,0,0,0
0,0,0,0,0,530,0,0,0
0,0,0,0,0,535,0,0,0
0,0,0,0,0,537,0,0,0
0,0,0,0,0,546,0,0,0
0,0,0,0,0,547,0,0,0
0,0,0,0,0,554,0,0,0
0,0,0,0,0,558,348,195,0,0,0
0,0,0,0,0,569,0,0,0
0,0,0,0,0,58,102,324,0,0,0
0,0,0,0,0,58,102,334,0,0,0
0,0,0,0,0,583,0,0,0
0,0,0,0,0,585,0,0,0
0,0,0,0,0,58,814,267,130,0,0,0,0
0,0,0,0,0,599,0,0,0
0,0,0,0,0,605,0,0,0
0,0,0,0,0,608,0,0,0
0,0,0,0,0,61,0,0,0
0,0,0,0,0,621,0,0,0
0,0,0,0,0,6,22,17,0,0,0
0,0,0,0,0,623,0,0,0
0,0,0,0,0,63,0,0,0
0,0,0,0,0,63,11,508,0,0,0
0,0,0,0,0,635,0,0,0
0,0,0,0,0,640,0,0,0
0,0,0,0,0,644,0,0,0
0,0,0,0,0,656,0,0,0
0,0,0,0,0,660,0,0,0
0,0,0,0,0,66,11,1460,1460,1460,1460,1460,1460,1460,1460,1460,1460,1460,1460
0,0,0,0,0,672,0,0,0
0,0,0,0,0,675,0,0,0
0,0,0,0,0,677,0,0,0
0,0,0,0,0,686,0,0,0
0,0,0,0,0,69,0,0,0
0,0,0,0,0,693,1097,655,0,0,0
0,0,0,0,0,703,0,0,0
0,0,0,0,0,704,0,0,0
0,0,0,0,0,706,0,0,0
0,0,0,0,0,71,11,280,0,0,0
0,0,0,0,0,71,11,425,0,0,0
0,0,0,0,0,72,1460,1460,1460,1460,1208,0,0,0,0
0,0,0,0,0,72,1460,1460,1460,1460,1460,1460,1460,1460,1460,1460,1460,1460,1460
0,0,0,0,0,72,1460,1460,1460,1460,1460,1460,1460,1460,1460,1460,1460,1460,1460
0,0,0,0,0,72,1460,1460,1460,1460,1460,1460,1460,1460,948,0,0,0,0
0,0,0,0,0,72,1460,1460,180,0,0,0,0
0,0,0,0,0,72,1460,1460,212,0,0,0,0
0,0,0,0,0,72,4,137,0,0,202,294,280,126,98,0,0,0,1460
0,0,0,0,0,72,4,137,202,274,270,126,98,57,77,77,79,0,0
0,0,0,0,0,72,4,137,202,310,270,126,98,57,106,139,139,51,63
0,0,0,0,0,72,4,137,202,318,264,126,98,57,106,139,139,51,63
0,0,0,0,0,72,4,137,202,346,282,126,98,57,106,139,139,51,63
0,0,0,0,0,72,4,137,202,286,280,126,98,57,122,0,0,0,0
0,0,0,0,0,72,4,137,202,322,260,126,98,57,106,139,139,51,63
0,0,0,0,0,72,4,137,202,336,264,126,98,57,106,139,139,51,63
0,0,0,0,0,72,4,137,202,336,280,126,98,57,104,139,139,51,63
0,0,0,0,0,72,4,137,202,326,262,126,98,57,110,139,139,51,63
0,0,0,0,0,72,4,137,202,330,278,126,98,57,104,139,139,51,63
0,0,0,0,0,72,4,137,202,344,262,126,98,57,106,139,139,51,63
0,0,0,0,0,72,4,137,202,348,282,126,98,57,106,139,139,51,63
0,0,0,0,0,72,4,137,202,366,273,126,98,57,106,139,139,51,63
0,0,0,0,0,72,4,137,202,306,286,126,98,57,1460,1460,1015,0,0
0,0,0,0,0,72,4,137,202,356,278,126,98,57,106,139,139,51,63
0,0,0,0,0,72,4,137,202,0,0,0,267,126,98,0,0,0,106
0,0,0,0,0,72,4,137,202,346,280,126,98,57,104,139,139,51,63
0,0,0,0,0,72,4,137,202,314,284,126,98,57,118,0,0,0,0
0,0,0,0,0,72,4,137,202,350,284,126,98,57,104,139,139,51,63
0,0,0,0,0,72,4,137,202,358,260,126,98,57,106,139,139,51,63
0,0,0,0,0,72,4,137,202,358,278,126,98,57,106,139,139,51,63
0,0,0,0,0,72,4,137,202,358,286,126,98,57,104,139,139,51,63
0,0,0,0,0,72,4,137,202,372,260,126,98,57,106,139,139,51,63
0,0,0,0,0,72,60,1324,0,0,0
0,0,0,0,0,72,60,44,1460,1460,200,0,0,0,0
0,0,0,0,0,72,60,44,1460,1460,200,0,0,0,0
0,0,0,0,0,72,60,80,0,0,0
0,0,0,0,0,735,0,0,289,0,0,0,0
0,0,0,0,0,742,0,0,0
0,0,0,0,0,746,0,0,0
0,0,0,0,0,752,0,0,0
0,0,0,0,0,756,0,0,0
0,0,0,0,0,76,11,1460,1460,1460,1460,1460,1460,1460,1460,1460,1460,1460,1460
0,0,0,0,0,768,978,0,0
0,0,0,0,0,77,0,0,0,0,0,0,0,0,77,0,0,0,0
0,0,0,0,0,771,0,0,0
0,0,0,0,0,777,956,0,0
0,0,0,0,0,789,0,0,0
0,0,0,0,0,80,14,73,0,0,0
0,0,0,0,0,809,0,0,0
0,0,0,0,0,816,0,0,0
0,0,0,0,0,829,0,0,0
0,0,0,0,0,843,0,0,0
0,0,0,0,0,852,0,0,0
0,0,0,0,0,86,0,0,0
0,0,0,0,0,879,0,0,0
0,0,0,0,0,88,190,1460,1460,1460,1400,0,0,0,0
0,0,0,0,0,905,0,0,0
0,0,0,0,0,934,0,0,0
0,0,0,0,0,938,0,0,0
0,0,0,0,0,942,0,0,0
0,0,0,0,0,943,0,0,0
0,0,0,0,0,95,0,0,0
0,0,0,0,0,958,0,0,0
0,0,0,0,0,961,0,0,0
0,0,0,0,0,985,985,0,0
0,0,0,0,0,993,0,0,0
0,0,0,0,0,996,0,0,0
0,0,0,0,1009,1009,0,0,0
0,0,0,0,10,10,1013,1013,0,0,0
0,0,0,0,10,10,1015,1015,0,0,0
0,0,0,0,1034,1034,0,0,0
0,0,0,0,1036,1036,0,0,0
0,0,0,0,1050,1050,0,0,0
0,0,0,0,105,14,31,46,47,48,6,46,1460,1460,1460,1460,1460,1460,1460
0,0,0,0,105,14,31,56,25,26,6,46,1460,1460,1460,1460,1460,1460,1460
0,0,0,0,105,16,31,46,37,38,6,46,1460,1460,1295,72,6,0,0
0,0,0,0,105,17,31,34,32,33,6,46,1460,1460,1460,1460,1460,1460,1460
0,0,0,0,105,19,31,57,48,49,6,46,1460,1460,1460,1460,1460,1460,1460
0,0,0,0,105,21,31,53,53,54,6,46,1460,1460,1460,1460,1460,1460,1460
0,0,0,0,105,25,31,64,31,32,6,46,1460,1460,1460,1460,1460,1460,1460
0,0,0,0,105,26,31,49,23,24,6,46,1460,1460,1460,1460,1460,1460,1460
0,0,0,0,105,28,31,60,47,48,6,46,1460,1460,1460,1460,1460,1460,1460
0,0,0,0,105,28,39,2,0,0,0
0,0,0,0,105,31,31,75,36,37,6,46,1460,1460,1460,1460,1460,1460,1460
0,0,0,0,105,32,31,57,21,22,6,46,1460,1460,1460,1460,1460,1460,1460
0,0,0,0,105,32,31,71,27,28,6,46,1460,1460,1460,1460,124,124,5
0,0,0,0,105,37,31,75,25,26,6,46,1460,1460,1460,1460,1460,1460,1460
0,0,0,0,105,38,31,61,33,34,6,46,1460,1460,1460,1460,1460,1460,1460
0,0,0,0,105,38,31,71,53,54,6,46,1460,1460,1460,1460,1460,1460,1460
0,0,0,0,105,38,31,82,28,29,6,46,1460,1460,1460,1460,1460,1460,1460
0,0,0,0,105,40,31,65,36,37,6,46,1460,1460,363,72,6,0,0
0,0,0,0,105,41,0,0,74,86,51,52,6,46,1460,1460,1460,1460,1460
0,0,0,0,105,41,31,59,25,26,6,46,735,72,6,0,0,0,0
0,0,0,0,105,41,31,64,29,30,6,46,1460,1460,1460,1460,1096,1096,5
0,0,0,0,105,41,31,80,46,47,6,46,1460,1460,1460,1460,1460,1460,1460
0,0,0,0,105,42,31,63,26,27,6,46,1460,1460,1460,1460,1460,1460,1460
0,0,0,0,106,106,1460,1460,1460,1460,1460,1354,1354,0,0,0,0
0,0,0,0,106,106,1460,1460,1460,1460,1460,1460,1460,670,670,0,0,0,0
0,0,0,0,106,106,1460,1460,1460,312,312,0,0,0,0
0,0,0,0,106,13,32,40,36,37,6,46,1460,1460,1460,1460,1460,1460,1460
0,0,0,0,106,15,32,49,27,28,6,46,1460,1460,1460,1460,1460,1460,1460
0,0,0,0,106,23,32,61,32,33,6,46,1460,1460,1460,1460,1460,1460,1460
0,0,0,0,106,25,32,48,32,33,6,46,1460,1460,1460,1460,1460,1460,1460
0,0,0,0,106,30,32,48,55,56,6,46,1460,1460,664,664,5,73,6
0,0,0,0,106,31,32,75,45,46,6,46,1460,1460,1460,1460,1460,1460,1460
0,0,0,0,106,34,32,49,40,41,6,46,1460,1460,1460,1460,1460,1460,1460
0,0,0,0,106,36,32,79,33,34,6,46,1460,1460,1460,1460,1460,1460,1460
0,0,0,0,106,37,32,80,48,49,6,46,1460,1460,1460,1460,1460,1460,1460
0,0,0,0,106,38,32,55,28,29,6,46,1460,1460,1460,1460,1460,1460,1460
0,0,0,0,106,41,32,69,44,45,6,46,1460,1460,1460,1460,1460,1460,1460
0,0,0,0,107,12,33,50,45,46,6,46,781,781,5,74,6,0,0
0,0,0,0,107,13,33,45,43,44,6,46,1460,1460,492,74,6,0,0
0,0,0,0,107,16,33,47,31,32,6,46,1460,1460,1460,1460,1460,1460,1460
0,0,0,0,107,17,33,33,44,45,6,46,1460,1460,1460,1460,1460,1460,1460
0,0,0,0,107,19,33,40,29,30,6,46,1460,1460,1460,1460,469,74,6
0,0,0,0,107,19,33,57,40,41,6,46,1460,1460,1460,1460,1460,1460,1460
0,0,0,0,107,20,33,35,45,46,6,46,1460,1460,1460,1460,1460,1460,1358
0,0,0,0,107,21,33,53,36,37,6,46,1460,1460,1460,1460,1460,1460,1460
0,0,0,0,107,30,33,72,28,29,6,46,1460,1460,1460,1460,1460,1460,1460
0,0,0,0,107,33,33,74,50,51,6,46,1460,1460,1460,1460,1460,1460,1460
0,0,0,0,107,34,33,59,38,39,6,46,1460,1460,1008,1008,5,74,6
0,0,0,0,107,37,33,72,37,38,6,46,1460,1460,1460,1460,1460,1460,1460
0,0,0,0,107,39,33,58,30,31,6,46,1460,1460,170,170,5,74,6
0,0,0,0,107,42,33,63,34,35,6,46,1460,1460,1460,1460,1460,1460,1460
0,0,0,0,108,18,34,49,36,37,6,46,1460,1460,1460,1460,1460,1460,1460
0,0,0,0,108,18,34,63,54,55,6,46,1460,1460,1460,1460,1460,1460,1460
0,0,0,0,108,20,34,34,46,47,6,46,1460,1460,1460,1460,1460,1460,1460
0,0,0,0,108,24,34,52,0,0,48,49,6,46,1460,1460,1460,1460,1460
0,0,0,0,108,26,34,52,51,52,6,46,1460,1460,1460,1460,1460,1460,1460
0,0,0,0,108,31,34,46,34,35,6,46,1460,1460,1460,1460,1460,1460,1460
0,0,0,0,108,31,34,57,0,0,48,49,6,46,1460,1460,1460,1460,1460
0,0,0,0,108,31,34,61,55,56,6,46,1460,1460,1460,1460,1460,1460,1460
0,0,0,0,109,12,35,27,58,59,6,46,1460,1460,1460,1460,1460,1460,1460
0,0,0,0,109,12,35,55,35,36,6,46,1460,1460,1460,1460,1460,1460,1460
0,0,0,0,109,15,35,55,57,58,6,46,1460,1460,1460,1460,1460,1460,1460
0,0,0,0,109,19,35,38,38,39,6,46,1460,1460,1460,1460,1460,1460,1460
0,0,0,0,109,22,35,36,27,28,6,46,1460,1460,1460,1460,1460,1460,1460
0,0,0,0,109,22,35,47,35,36,6,46,1156,76,6,0,0,0,0
0,0,0,0,109,26,35,56,57,58,6,46,1460,1460,1460,1460,1460,1460,1460
0,0,0,0,109,30,35,64,0,0,38,39,6,46,1460,1460,1460,1460,1460
0,0,0,0,109,30,35,75,39,40,6,0,0,0,1460,1460,1460,1460,1460
0,0,0,0,1097,1097,0,0,0
0,0,0,0,110,11,301,38,53,53,7,46,1460,1460,1460,1460,1460,1460,1460
0,0,0,0,110,12,36,41,44,45,6,46,1165,77,6,0,0,0,0
0,0,0,0,110,22,36,47,51,52,6,46,1460,1460,1460,1460,1460,1460,1460
0,0,0,0,110,23,36,52,30,31,6,46,1150,77,6,0,0,0,0
0,0,0,0,110,23,36,55,50,51,6,46,1460,1460,1460,1460,1460,1460,1460
0,0,0,0,110,30,36,58,55,56,6,46,1460,1460,1460,1460,1460,1460,1460
0,0,0,0,110,32,36,54,48,49,6,46,1460,1460,1235,1235,5,77,6
0,0,0,0,110,34,36,70,41,42,6,0,0,0,1460,1460,1460,1460,1460
0,0,0,0,110,35,36,53,28,29,6,46,1460,1460,1460,1460,1460,1460,1460
0,0,0,0,110,35,36,61,58,59,6,46,1460,1460,1460,1460,1460,1460,1460
0,0,0,0,110,40,36,67,30,31,6,46,1460,1460,1460,1460,1460,1460,1460
0,0,0,0,1104,1104,0,0,0
0,0,0,0,110,42,36,74,0,0,56,57,6,46,1460,1460,1460,1460,1460
0,0,0,0,111,11,37,36,31,32,6,46,1460,1460,1460,1460,1460,1460,1460
0,0,0,0,111,12,37,42,37,38,6,46,1460,1460,1460,1460,1460,1460,1460
0,0,0,0,111,12,37,56,58,59,6,46,1296,1296,5,78,6,0,0
0,0,0,0,111,13,37,51,46,47,6,46,1460,1460,1460,1460,1460,1460,1460
0,0,0,0,111,15,37,42,38,39,6,46,1460,1460,1460,1460,1460,1460,1460
0,0,0,0,111,17,37,60,36,37,6,46,757,78,6,0,0,0,0
0,0,0,0,111,21,37,65,29,30,6,46,1460,1460,1460,1460,1460,1460,1460
0,0,0,0,111,24,37,38,44,45,6,46,1460,1460,1460,1460,1460,1460,1460
0,0,0,0,111,25,37,46,36,37,6,46,1460,1460,1460,1460,1460,1460,1460
0,0,0,0,111,26,37,48,53,54,6,46,1460,1460,1460,1460,1460,1460,1460
0,0,0,0,111,36,37,60,49,50,6,46,1460,1460,1460,1460,1460,1460,1460
0,0,0,0,111,38,37,75,50,51,6,46,1460,1460,1460,1460,1460,1460,1460
0,0,0,0,111,39,37,67,31,32,6,46,1460,1460,1460,1460,1460,1460,1460
0,0,0,0,111,40,37,74,48,49,6,46,1017,78,6,0,0,0,0
0,0,0,0,111,41,0,0,66,78,39,40,6,46,1460,1460,1460,1460,1460
0,0,0,0,112,15,38,39,29,30,6,46,1460,1460,1460,1460,1460,1460,1460
0,0,0,0,112,19,38,34,48,49,6,46,1460,1460,1460,1460,1460,1460,1460
0,0,0,0,112,23,38,61,59,60,6,46,625,79,6,0,0,0,0
0,0,0,0,112,24,38,40,30,31,6,46,1460,1460,1460,1460,1460,1460,1460
0,0,0,0,112,25,38,47,55,56,6,46,1460,1460,1460,1460,1460,1460,1460
0,0,0,0,112,33,38,78,46,47,6,46,1460,1460,1460,1460,1460,1460,1460
0,0,0,0,112,39,38,69,50,51,6,46,1460,1460,1460,1460,1460,1460,1460
0,0,0,0,112,41,0,0,62,74,44,45,6,46,1460,1460,1460,1460,1460
0,0,0,0,112,42,38,56,44,45,6,46,1460,1460,841,841,5,79,6
0,0,0,0,113,13,39,51,54,55,6,46,1460,1460,1460,1460,1460,1460,1460
0,0,0,0,113,14,39,52,61,62,6,46,1090,80,6,0,0,0,0
0,0,0,0,113,15,39,34,59,60,6,46,1460,1460,1460,1460,1460,1460,1460
0,0,0,0,113,16,39,46,61,62,6,46,1460,1460,1460,1460,1258,80,6
0,0,0,0,113,22,39,51,42,43,6,46,1460,1460,1460,1460,1460,1460,619
0,0,0,0,113,23,39,42,60,61,6,46,1460,1460,1460,1460,1460,1460,1460
0,0,0,0,113,25,39,64,34,35,6,46,1460,1460,1460,1460,1460,1460,1460
0,0,0,0,113,27,39,46,33,34,6,46,1460,1460,1460,1460,1460,1460,1208
0,0,0,0,113,28,39,71,52,53,6,46,1157,80,6,0,0,0,0
0,0,0,0,113,32,39,75,52,53,6,46,1460,1460,1460,1460,1460,1460,1460
0,0,0,0,113,40,39,71,34,35,6,46,1460,1460,1460,1460,1460,1460,1460
0,0,0,0,114,11,40,28,54,55,6,46,1302,81,6,0,0,0,0
0,0,0,0,114,18,40,51,42,43,6,46,1349,1349,5,81,6,0,0
0,0,0,0,114,18,40,51,49,50,6,46,428,81,6,0,0,0,0
0,0,0,0,114,21,40,65,47,48,6,46,1460,1460,1460,1460,1460,1460,1460
0,0,0,0,114,26,40,40,62,63,6,46,1460,1460,147,81,6,0,0
0,0,0,0,114,27,40,55,42,43,6,46,1460,1460,1460,1460,1460,1460,1460
0,0,0,0,114,27,40,61,47,48,6,46,1460,1460,229,229,5,81,6
0,0,0,0,114,30,40,65,35,36,6,46,1460,1460,1065,81,6,0,0
0,0,0,0,114,33,40,63,49,50,6,46,1460,1460,1460,1460,1460,1460,1460
0,0,0,0,114,33,40,65,44,45,6,46,1460,1460,1460,1460,1460,1460,1460
0,0,0,0,114,38,40,81,33,34,6,46,1460,1460,1460,1460,1460,1460,1460
0,0,0,0,114,41,40,76,42,43,6,46,1460,1460,824,824,5,81,6
0,0,0,0,114,42,40,65,57,58,6,46,1460,1460,1460,1460,1460,1460,1175
0,0,0,0,115,12,41,49,41,42,6,0,0,0,940,82,6,0,0
0,0,0,0,115,14,41,35,59,60,6,46,1460,1460,1460,1460,1460,1460,1460
0,0,0,0,115,15,41,38,54,55,6,46,1460,1460,1460,1460,1460,1460,1460
0,0,0,0,115,15,41,56,44,45,6,46,1460,1460,1460,1460,1460,1460,1460
0,0,0,0,115,19,41,45,44,45,6,46,1460,1460,1460,1460,1460,1460,1460
0,0,0,0,115,26,41,51,59,4,4,14,76,0,0,0,0
0,0,0,0,115,29,41,58,33,34,6,46,1460,1460,1460,1460,1460,1460,1460
0,0,0,0,115,30,41,43,56,57,6,46,1460,1460,347,82,6,0,0
0,0,0,0,115,30,41,68,0,0,33,34,6,46,864,0,5,82,6
0,0,0,0,115,31,41,46,46,0,0,0,6,46,1460,1460,1460,1460,1460
0,0,0,0,115,35,41,77,48,49,6,46,1051,82,6,0,0,0,0
0,0,0,0,115,36,41,65,39,40,6,46,1460,1460,1043,82,6,0,0
0,0,0,0,115,36,41,66,38,39,6,46,1394,1394,5,82,6,0,0
0,0,0,0,115,39,41,80,55,0,0,0,6,46,1460,1460,1460,1460,1460
0,0,0,0,115,40,41,63,57,58,6,46,1460,1460,747,82,6,0,0
0,0,0,0,115,40,41,67,42,43,6,46,1460,1460,1460,1460,1460,1460,1460
0,0,0,0,116,17,42,48,0,0,34,35,6,46,1460,1460,1460,1460,1460
0,0,0,0,116,18,42,30,41,42,6,46,1460,1460,926,926,5,83,6
0,0,0,0,116,18,42,43,56,57,6,46,1460,1460,1460,1460,1460,1460,1460
0,0,0,0,116,22,42,55,37,38,6,46,1460,1460,799,799,5,83,6
0,0,0,0,116,23,42,45,64,65,6,46,1460,1460,1460,1460,1460,1460,10
0,0,0,0,116,26,42,48,35,36,6,46,1164,83,6,0,0,0,0
0,0,0,0,116,26,42,65,53,54,6,46,1460,1460,287,287,5,83,6
0,0,0,0,116,31,42,52,41,42,6,46,1460,1460,1460,1460,1460,1460,1460
0,0,0,0,116,31,42,65,60,61,6,46,1460,1460,1460,1460,1460,1460,1460
0,0,0,0,116,32,42,64,53,54,6,46,1460,1460,968,968,5,83,6
0,0,0,0,116,33,42,53,33,34,6,46,1460,1460,49,83,6,0,0
0,0,0,0,116,34,42,58,47,48,6,46,1460,1460,1460,1460,1460,1460,1460
0,0,0,0,116,35,42,65,0,0,40,41,6,46,1460,1460,1460,1460,1460
0,0,0,0,116,35,42,70,44,45,6,46,1460,1460,1460,1460,1460,1460,1460
0,0,0,0,116,37,0,0,81,93,35,36,6,46,1046,1046,5,83,6
0,0,0,0,116,37,42,68,0,0,34,35,6,46,946,946,5,0,0
0,0,0,0,117,14,43,29,65,66,6,46,1460,1460,1460,1460,1460,1460,1460
0,0,0,0,117,14,43,42,50,51,6,46,1460,1460,1460,1460,1460,1460,1460
0,0,0,0,117,22,43,55,60,61,6,46,1460,1460,1159,1159,5,84,6
0,0,0,0,117,27,43,57,65,66,6,46,1460,1460,1460,1460,1460,1460,1460
0,0,0,0,117,27,43,67,52,53,6,46,1460,1460,1134,84,6,0,0
0,0,0,0,117,30,43,61,50,51,6,46,1460,1460,1460,1460,1460,1460,1460
0,0,0,0,117,32,43,65,52,53,6,46,1460,1460,1460,1460,1109,1109,5
0,0,0,0,117,33,43,61,38,39,6,46,1460,1460,1460,1460,1036,1036,5
0,0,0,0,117,33,43,66,40,41,6,46,1460,1460,1460,1460,1460,1460,1460
0,0,0,0,117,40,43,69,38,39,6,46,1460,1460,1460,1460,1460,1460,1460
0,0,0,0,117,41,43,63,57,58,6,46,1460,1460,1460,1460,1460,1460,1460
0,0,0,0,118,13,44,36,40,41,6,46,1460,1460,734,85,6,0,0
0,0,0,0,118,17,44,32,40,41,6,46,1460,1460,1460,1460,1460,1460,1111
0,0,0,0,118,19,44,33,52,53,6,46,1375,85,6,0,0,0,0
0,0,0,0,118,21,44,62,38,39,6,46,1460,1460,1460,1460,1460,1460,1460
0,0,0,0,118,23,44,46,37,38,6,46,1460,1460,1460,1460,1460,1460,1460
0,0,0,0,118,25,44,52,55,56,6,46,1460,1460,1460,1460,1460,1460,1460
0,0,0,0,118,26,44,67,49,50,6,46,1460,1460,1460,1460,1460,1460,1460
0,0,0,0,118,28,44,59,39,40,6,46,1460,1460,1460,1460,1460,1460,1460
0,0,0,0,118,29,44,42,62,63,6,46,1460,1460,1460,1460,1460,1460,1460
0,0,0,0,118,29,44,51,41,42,6,46,1460,1460,1460,1460,1460,1460,1460
0,0,0,0,118,33,44,48,62,63,6,46,1460,1460,1460,1460,1460,1460,1460
0,0,0,0,118,34,44,49,53,54,6,46,848,848,5,85,6,0,0
0,0,0,0,118,34,44,59,38,39,6,46,1460,1460,384,384,5,85,6
0,0,0,0,118,34,44,62,49,50,6,46,1460,1460,529,529,5,85,6
0,0,0,0,118,36,44,69,40,41,6,46,1460,1460,1460,1460,1460,1460,1460
0,0,0,0,118,36,44,72,59,60,6,46,1460,1460,1460,1460,1460,1460,763
0,0,0,0,118,39,44,57,52,53,6,46,1460,1460,1460,1460,1460,1460,1460
0,0,0,0,118,40,44,80,51,52,6,46,1460,1460,1460,1460,1460,1460,1460
0,0,0,0,118,41,44,81,53,54,6,46,1460,1460,1460,1460,1460,1460,1460
0,0,0,0,119,14,45,48,51,52,6,46,1460,1460,1460,1460,1460,1460,1460
0,0,0,0,119,27,45,63,57,58,6,46,1460,1460,1429,86,6,0,0
0,0,0,0,119,29,45,66,51,52,6,46,1460,1460,1460,1460,1460,1460,1460
0,0,0,0,119,30,45,50,47,48,6,46,1460,1460,1460,1460,1460,1460,1460
0,0,0,0,119,33,45,55,63,64,6,46,1045,86,6,0,0,0,0
0,0,0,0,119,34,45,79,54,55,6,46,1460,1460,1460,1460,1460,1460,1460
0,0,0,0,119,38,45,78,49,50,6,46,1460,1460,1460,1460,1460,1460,1460
0,0,0,0,119,39,45,65,61,62,6,46,1460,1460,1460,1460,1460,1460,1460
0,0,0,0,119,39,45,82,66,67,6,46,1460,1460,1460,1460,1460,1460,973
0,0,0,0,120,13,0,0,54,66,56,57,6,46,1460,1460,1460,1460,422
0,0,0,0,120,13,46,45,50,51,6,46,1460,1460,1460,1460,1460,1460,1460
0,0,0,0,120,20,46,39,59,60,6,46,1460,1460,1460,1460,1460,1460,1460
0,0,0,0,120,22,46,50,56,57,6,46,1460,1460,1460,1460,1460,1460,1460
0,0,0,0,120,24,46,47,61,62,6,46,1075,87,6,0,0,0,0
0,0,0,0,120,26,46,56,46,47,6,46,1460,1460,1460,1460,1460,1460,1460
0,0,0,0,120,28,46,55,63,64,6,46,1460,1460,1460,1460,1460,1460,1460
0,0,0,0,120,29,46,46,45,46,6,46,1460,1460,113,113,5,0,0
0,0,0,0,120,33,46,75,43,44,6,46,1460,1460,1460,1460,1460,1460,1460
0,0,0,0,120,34,46,60,60,61,6,46,1460,1460,1460,1460,1460,1460,1460
0,0,0,0,120,36,46,51,65,66,6,46,1460,1460,1460,1460,1460,1460,1460
0,0,0,0,120,36,46,70,0,0,65,66,6,46,1458,87,6,0,0
0,0,0,0,120,41,46,66,54,55,6,46,1460,1460,1460,1460,1460,1460,1460
0,0,0,0,120,41,46,75,40,41,6,46,1460,1460,1460,1460,1460,1460,1460
0,0,0,0,121,11,47,24,0,0,53,54,6,46,578,88,6,0,0
0,0,0,0,121,14,47,40,61,62,6,46,1460,1460,1460,1460,1460,1460,1460
0,0,0,0,121,17,47,51,63,64,6,46,1460,1460,1460,1460,1460,1460,1460
0,0,0,0,12,12,0,0,0
0,0,0,0,121,21,47,48,48,49,6,46,1460,1460,1460,1460,1460,1460,1460
0,0,0,0,121,21,47,65,63,64,6,46,997,88,6,0,0,0,0
0,0,0,0,12,12,2,1,16,0,0,0,0
0,0,0,0,121,22,47,40,68,69,6,46,1460,1460,1460,1460,1460,1460,1460
0,0,0,0,121,27,47,45,60,61,6,46,569,88,6,0,0,0,0
0,0,0,0,121,27,47,65,54,55,6,46,1460,1460,1460,1460,1460,1460,1460
0,0,0,0,121,28,47,68,65,66,6,46,1460,1460,1460,1460,1460,1460,1460
0,0,0,0,121,30,47,44,55,56,6,46,1017,88,6,0,0,0,0
0,0,0,0,121,30,47,60,65,66,6,46,550,88,6,0,0,0,0
0,0,0,0,121,34,47,73,49,50,6,46,1460,1460,1460,1460,1460,1460,1460
0,0,0,0,121,36,47,68,60,61,6,46,1460,1460,449,0,0,0,6
0,0,0,0,12,16,15,18,21,41,28,47,26,0,0,0,0,0,0
0,0,0,0,12,17,15,18,21,0,0,0,28,47,26,0,0,0,0
0,0,0,0,12,17,15,18,21,41,28,47,26,0,0,0,0,0,0
0,0,0,0,12,18,15,18,21,41,28,47,26,0,0,0,0,0,0
0,0,0,0,12,19,15,18,21,41,28,47,26,0,0,0,0
0,0,0,0,12,19,15,18,21,41,28,47,26,0,0,0,0,0,0
0,0,0,0,12,19,15,18,21,41,28,47,26,0,0,0,0,0,0
0,0,0,0,12,20,15,18,21,41,28,47,26,0,0,0,0
0,0,0,0,12,20,15,18,21,41,28,47,26,0,0,0,0,0,0
0,0,0,0,12,20,15,18,21,41,28,47,26,0,0,0,0,0,0
0,0,0,0,122,11,48,38,65,66,6,46,1460,1460,1460,1460,1460,1460,1460
0,0,0,0,12,21,15,18,21,41,28,47,26,0,0,0,0
0,0,0,0,12,21,15,18,21,41,28,47,26,0,0,0,0,0,0
0,0,0,0,12,21,15,18,21,41,28,47,26,0,0,0,0,0,0
0,0,0,0,122,14,48,56,39,40,6,46,1460,1460,1460,1460,1460,1460,1460
0,0,0,0,122,17,48,47,53,54,6,46,1460,1460,1460,1460,1460,1460,1460
0,0,0,0,122,20,48,43,59,60,6,46,1460,1460,1460,1460,1460,1460,1460
0,0,0,0,12,22,15,18,21,41,28,47,26,0,0,0,0,0,0
0,0,0,0,12,22,15,18,21,41,28,47,26,0,0,0,0,0,0
0,0,0,0,122,29,48,58,70,71,6,46,1460,1460,1460,1460,1460,1460,1460
0,0,0,0,12,23,0,0,18,49,21,41,28,47,26,0,0,0,0
0,0,0,0,122,31,48,44,61,62,6,46,1427,89,6,0,0,0,0
0,0,0,0,12,23,15,18,21,41,28,47,26,0,0,0,0
0,0,0,0,12,23,15,18,21,41,28,47,26,0,0,0,0,0,0
0,0,0,0,12,23,15,18,21,41,28,47,26,0,0,0,0,0,0
0,0,0,0,12,23,15,18,21,41,28,47,26,0,0,0,0,0,0
0,0,0,0,12,23,15,18,21,41,28,47,26,0,0,0,0,0,0
0,0,0,0,12,23,15,18,21,41,28,47,26,0,0,0,0,0,0
0,0,0,0,122,34,48,59,53,54,6,46,1460,1460,1460,1460,1460,1460,1460
0,0,0,0,122,38,48,63,46,47,6,46,1460,1460,1460,1460,1460,1460,1451
0,0,0,0,122,39,48,59,60,61,6,46,773,773,5,89,6,0,0
0,0,0,0,122,39,48,68,41,42,6,46,853,853,5,89,6,0,0
0,0,0,0,12,24,15,18,21,41,28,47,26,0,0,0,0
0,0,0,0,12,24,15,18,21,41,28,47,26,0,0,0,0,0,0
0,0,0,0,12,24,15,18,21,41,28,47,26,0,0,0,0,0,0
0,0,0,0,12,24,15,18,21,41,28,47,26,0,0,0,0,0,0
0,0,0,0,12,25,15,18,21,41,28,47,26,0,0,0,0
0,0,0,0,12,25,15,18,21,41,28,47,26,0,0,0,0,0,0
0,0,0,0,12,25,15,18,21,41,28,47,26,0,0,0,0,0,0
0,0,0,0,12,25,15,18,21,41,28,47,26,0,0,0,0,0,0
0,0,0,0,12,26,15,18,21,0,0,0,28,47,26,0,0,0,0
0,0,0,0,12,26,15,18,21,41,28,47,26,0,0,0,0
0,0,0,0,12,26,15,18,21,41,28,47,26,0,0,0,0,0,0
0,0,0,0,12,26,15,18,21,41,28,47,26,0,0,0,0,0,0
0,0,0,0,12,27,15,18,21,41,28,47,26,0,0,0,0
0,0,0,0,12,27,15,18,21,41,28,47,26,0,0,0,0,0,0
0,0,0,0,12,27,15,18,21,41,28,47,26,0,0,0,0,0,0
0,0,0,0,12,28,15,18,0,0,21,41,28,47,26,0,0,0,0
0,0,0,0,12,28,15,18,21,41,28,47,26,0,0,0,0
0,0,0,0,12,28,15,18,21,41,28,47,26,0,0,0,0,0,0
0,0,0,0,12,28,15,18,21,41,28,47,26,0,0,0,0,0,0
0,0,0,0,12,28,15,18,21,41,28,47,26,0,0,0,0,0,0
0,0,0,0,12,29,0,0,18,49,21,41,28,0,0,0,26,0,0
0,0,0,0,12,29,15,18,21,41,28,47,26,0,0,0,0
0,0,0,0,12,29,15,18,21,41,28,47,26,0,0,0,0,0,0
0,0,0,0,12,29,15,18,21,41,28,47,26,0,0,0,0,0,0
0,0,0,0,12,29,15,18,21,41,28,47,26,0,0,0,0,0,0
0,0,0,0,12,29,15,18,21,41,28,47,26,0,0,0,0,0,0
0,0,0,0,12,29,15,18,21,41,28,47,26,0,0,0,0,0,0
0,0,0,0,12,30,15,18,21,41,28,47,26,0,0,0,0
0,0,0,0,12,30,15,18,21,41,28,47,26,0,0,0,0,0,0
0,0,0,0,12,30,15,18,21,41,28,47,26,0,0,0,0,0,0
0,0,0,0,12,30,15,18,21,41,28,47,26,0,0,0,0,0,0
0,0,0,0,12,30,15,18,21,41,28,47,26,0,0,0,0,0,0
0,0,0,0,12,31,15,18,21,41,28,47,26,0,0,0,0
0,0,0,0,12,31,15,18,21,41,28,47,26,0,0,0,0,0,0
0,0,0,0,12,31,15,18,21,41,28,47,26,0,0,0,0,0,0
0,0,0,0,12,31,15,18,21,41,28,47,26,0,0,0,0,0,0
0,0,0,0,12,31,15,18,21,41,28,47,26,0,0,0,0,0,0
0,0,0,0,12,31,15,18,21,41,28,47,26,0,0,0,0,0,0
0,0,0,0,12,31,15,18,21,41,28,47,26,0,0,0,0,0,0
0,0,0,0,12,31,15,18,21,41,28,47,26,0,0,0,0,0,0
0,0,0,0,123,12,49,56,49,50,6,46,1460,1460,1460,1460,1460,1460,1460
0,0,0,0,123,13,49,36,71,72,6,46,1460,1460,1460,1460,1460,1460,1460
0,0,0,0,12,32,0,0,18,49,21,0,0,0,28,47,26,0,0
0,0,0,0,123,21,49,53,42,43,6,46,1460,1460,1460,1460,1460,1460,1460
0,0,0,0,12,32,15,18,21,41,28,47,26,0,0,0,0
0,0,0,0,12,32,15,18,21,41,28,47,26,0,0,0,0,0,0
0,0,0,0,12,32,15,18,21,41,28,47,26,0,0,0,0,0,0
0,0,0,0,12,32,15,18,21,41,28,47,26,0,0,0,0,0,0
0,0,0,0,12,32,15,18,21,41,28,47,26,0,0,0,0,0,0
0,0,0,0,12,32,15,18,21,41,28,47,26,0,0,0,0,0,0
0,0,0,0,123,24,49,46,45,46,6,46,1460,1460,1460,1460,1460,1460,1460
0,0,0,0,123,25,49,59,62,63,6,46,799,90,6,0,0,0,0
0,0,0,0,12,33,15,18,21,41,28,47,26,0,0,0,0
0,0,0,0,12,33,15,18,21,41,28,47,26,0,0,0,0,0,0
0,0,0,0,12,33,15,18,21,41,28,47,26,0,0,0,0,0,0
0,0,0,0,12,33,15,18,21,41,28,47,26,0,0,0,0,0,0
0,0,0,0,123,33,49,74,57,58,6,46,1460,1460,1460,1460,1460,1460,1460
0,0,0,0,123,35,49,68,65,66,6,46,1460,1460,29,90,6,0,0
0,0,0,0,123,36,49,65,68,69,6,46,1460,1460,1460,1460,1460,1460,1460
0,0,0,0,123,37,49,54,50,51,6,46,1460,1460,312,312,5,90,6
0,0,0,0,123,38,49,79,61,62,6,46,1460,1460,1460,1460,1460,1460,1460
0,0,0,0,123,39,49,59,0,0,63,64,6,46,1460,1460,1460,1460,1460
0,0,0,0,123,40,49,58,69,70,6,46,1460,1460,1460,1460,1460,1460,1460
0,0,0,0,12,34,15,18,21,0,0,0,28,47,26,0,0,0,0
0,0,0,0,12,34,15,18,21,41,28,47,26,0,0,0,0
0,0,0,0,12,34,15,18,21,41,28,47,26,0,0,0,0,0,0
0,0,0,0,12,34,15,18,21,41,28,47,26,0,0,0,0,0,0
0,0,0,0,123,42,49,61,45,46,6,46,1460,1460,1460,1460,1460,1460,1460
0,0,0,0,12,35,15,18,21,41,28,47,26,0,0,0,0
0,0,0,0,12,35,15,18,21,41,28,47,26,0,0,0,0,0,0
0,0,0,0,12,35,15,18,21,41,28,47,26,0,0,0,0,0,0
0,0,0,0,12,35,15,18,21,41,28,47,26,0,0,0,0,0,0
0,0,0,0,12,35,15,18,21,41,28,47,26,0,0,0,0,0,0
0,0,0,0,12,36,15,18,21,41,28,47,26,0,0,0,0,0,0
0,0,0,0,12,36,15,18,21,41,28,47,26,0,0,0,0,0,0
0,0,0,0,12,36,15,18,21,41,28,47,26,0,0,0,0,0,0
0,0,0,0,12,36,15,18,21,41,28,47,26,0,0,0,0,0,0
0,0,0,0,12,36,15,18,21,41,28,47,26,0,0,0,0,0,0
0,0,0,0,12,36,15,18,21,41,28,47,26,0,0,0,0,0,0
0,0,0,0,12,37,15,18,21,41,28,0,0,0,26,0,0,0,0
0,0,0,0,12,37,15,18,21,41,28,47,26,0,0,0,0
0,0,0,0,12,37,15,18,21,41,28,47,26,0,0,0,0,0,0
0,0,0,0,12,37,15,18,21,41,28,47,26,0,0,0,0,0,0
0,0,0,0,12,38,15,18,0,0,21,41,28,47,26,0,0,0,0
0,0,0,0,12,38,15,18,0,0,21,41,28,47,26,0,0,0,0
0,0,0,0,12,38,15,18,21,0,0,0,28,47,26,0,0,0,0
0,0,0,0,12,38,15,18,21,41,28,47,26,0,0,0,0
0,0,0,0,12,38,15,18,21,41,28,47,26,0,0,0,0,0,0
0,0,0,0,12,38,15,18,21,41,28,47,26,0,0,0,0,0,0
0,0,0,0,12,39,15,18,21,41,28,47,26,0,0,0,0
0,0,0,0,12,39,15,18,21,41,28,47,26,0,0,0,0,0,0
0,0,0,0,12,40,15,18,21,41,28,47,26,0,0,0,0
0,0,0,0,12,40,15,18,21,41,28,47,26,0,0,0,0,0,0
0,0,0,0,12,40,15,18,21,41,28,47,26,0,0,0,0,0,0
0,0,0,0,12,41,15,18,21,41,28,47,26,0,0,0,0
0,0,0,0,124,12,0,0,46,58,53,54,6,46,1460,1460,1460,1460,1460
0,0,0,0,124,17,50,58,55,56,6,46,1460,1460,1460,1460,1460,1460,1460
0,0,0,0,124,19,50,51,53,54,6,46,1460,1460,1460,1460,1460,1460,1460
0,0,0,0,124,22,50,61,54,55,6,46,1460,1460,1460,1460,1460,1460,1460
0,0,0,0,124,29,50,52,52,53,6,46,1460,1460,1460,1460,1460,1460,1460
0,0,0,0,124,30,50,64,49,50,6,46,1460,1460,1460,1460,1460,1460,1460
0,0,0,0,12,43,15,18,21,41,28,47,26,0,0,0,0
0,0,0,0,124,32,315,45,71,71,7,46,1460,1460,1460,1460,1460,1460,1460
0,0,0,0,124,33,50,65,48,49,6,46,1460,1460,1460,1460,1460,1460,1460
0,0,0,0,124,33,50,69,56,57,6,46,1460,1460,1460,1460,1460,1460,1460
0,0,0,0,124,34,50,49,43,44,6,46,1460,1460,1460,1460,1460,1460,1460
0,0,0,0,124,39,50,72,61,62,6,0,0,0,1460,1460,1460,1460,1460
0,0,0,0,12,44,15,18,21,41,28,47,26,0,0,0,0
0,0,0,0,12,44,15,18,21,41,28,47,26,0,0,0,0,0,0
0,0,0,0,12,46,15,18,21,41,28,47,26,0,0,0,0,0,0
0,0,0,0,125,13,51,28,63,64,6,46,1460,1460,1460,1460,1460,1460,1460
0,0,0,0,125,14,51,34,68,69,6,46,1460,1460,1460,1460,1460,1460,1460
0,0,0,0,125,15,51,33,67,68,6,46,1460,1460,1460,1460,1460,1460,1460
0,0,0,0,125,15,51,35,46,47,6,46,1460,1460,1460,1460,1460,1460,664
0,0,0,0,125,15,51,54,51,52,6,46,786,786,5,92,6,0,0
0,0,0,0,125,20,51,48,56,57,6,46,1460,1460,1460,1460,1460,1460,1460
0,0,0,0,125,23,51,67,55,56,6,46,1460,1460,1460,1460,1460,1460,1460
0,0,0,0,125,24,51,38,61,62,6,46,1460,1460,1460,1460,452,452,5
0,0,0,0,125,25,51,56,53,54,6,46,1460,1460,1460,1460,1460,1460,1460
0,0,0,0,125,29,0,0,71,0,0,0,47,0,0,0,6,46,1460
0,0,0,0,125,34,51,72,58,59,6,46,1460,1460,1460,1460,1460,1460,1460
0,0,0,0,125,37,51,66,55,56,6,46,1460,1460,1460,1460,1460,1460,1460
0,0,0,0,125,39,51,71,73,74,6,46,1460,1460,1089,92,6,0,0
0,0,0,0,125,40,51,63,64,65,6,46,1460,1460,1460,1460,1460,1460,1292
0,0,0,0,1254,1254,0,0,0
0,0,0,0,125,42,51,55,61,62,6,46,1460,1460,1460,1460,1460,1460,1460
0,0,0,0,125,42,51,62,44,45,6,46,1460,1460,1460,1460,1460,1460,1460
0,0,0,0,125,7,51,51,67,67,1023,0,0,0,0
0,0,0,0,125,7,51,51,0,0,0,0
0,0,0,0,126,13,52,46,45,0,0,0,6,46,1460,1460,1460,1460,214
0,0,0,0,126,18,52,51,69,70,6,46,1460,1460,1460,1460,1460,1460,1460
0,0,0,0,126,18,52,59,58,59,6,46,1460,1460,1460,1460,1460,1460,1460
0,0,0,0,126,20,52,43,55,56,6,46,1460,1460,1460,1460,1460,1460,605
0,0,0,0,126,23,52,55,53,54,6,46,1460,1460,1460,1460,1460,1460,1460
0,0,0,0,126,28,52,47,54,55,6,46,1460,1460,1460,1460,1460,1460,1460
0,0,0,0,126,29,52,58,65,66,6,46,1460,1460,1460,1460,1460,1460,1460
0,0,0,0,126,32,52,46,49,50,6,46,1460,1460,1460,1460,1460,1460,1460
0,0,0,0,126,35,52,65,54,55,6,46,1460,1460,1460,1460,1460,1460,1460
0,0,0,0,126,35,52,73,73,74,6,46,1460,1460,1460,1460,998,93,6
0,0,0,0,126,42,52,78,63,64,6,46,1460,1460,1460,1460,1460,1460,1460
0,0,0,0,126,42,52,82,67,68,6,46,1173,1173,5,93,6,0,0
0,0,0,0,127,11,53,45,65,66,6,46,1460,1460,1460,1460,1460,1460,1460
0,0,0,0,127,13,53,28,63,64,6,46,1460,1460,1090,1090,5,94,6
0,0,0,0,127,13,53,39,66,67,6,0,0,0,1460,1460,1460,1460,1460
0,0,0,0,127,16,53,52,49,50,6,46,1460,1460,1460,1460,1460,1460,1460
0,0,0,0,127,16,53,53,55,56,6,46,1460,1460,1460,1460,1460,1460,1460
0,0,0,0,127,17,53,60,70,71,6,46,1460,1460,1460,1460,1460,1460,1460
0,0,0,0,127,22,53,59,46,47,6,46,1460,1460,1460,1460,1460,1460,1460
0,0,0,0,127,25,53,57,44,45,6,46,1460,1460,627,94,6,0,0
0,0,0,0,127,26,53,48,71,72,6,46,1460,1460,1460,1460,1460,1460,1460
0,0,0,0,127,26,53,53,68,69,6,46,1460,1460,1460,1460,1460,1460,1460
0,0,0,0,127,29,53,51,60,61,6,46,1460,1460,1460,1460,1460,1460,1460
0,0,0,0,127,31,53,55,57,58,6,46,1460,1460,1460,1460,173,173,5
0,0,0,0,127,36,53,50,0,0,73,74,6,46,1460,1460,1460,1460,1460
0,0,0,0,127,36,53,78,58,59,6,46,1460,1460,1460,1460,1460,1460,1460
0,0,0,0,127,38,53,73,52,53,6,46,1122,1122,5,94,6,0,0
0,0,0,0,127,41,53,63,70,71,6,46,1460,1460,234,234,5,94,6
0,0,0,0,128,15,54,33,45,46,6,46,1460,1460,1460,1460,1304,95,6
0,0,0,0,128,15,54,59,0,0,68,69,6,46,1460,1460,1460,1460,1460
0,0,0,0,128,18,54,61,74,75,6,46,1240,1240,5,95,6,0,0
0,0,0,0,128,24,54,41,60,61,6,46,837,837,5,95,6,0,0
0,0,0,0,128,26,54,56,75,76,6,46,1252,95,6,0,0,0,0
0,0,0,0,128,30,54,49,49,50,6,46,1460,1460,1460,1460,1460,1460,1460
0,0,0,0,128,30,54,62,70,71,6,46,1399,95,6,0,0,0,0
0,0,0,0,128,42,54,74,58,59,6,46,1460,1460,1460,1460,1460,1460,1460
0,0,0,0,129,16,55,60,63,64,6,46,1401,1401,5,96,6,0,0
0,0,0,0,129,18,55,41,52,53,6,46,1460,1460,1460,1460,1460,1460,1460
0,0,0,0,129,18,55,45,74,75,6,46,844,96,6,0,0,0,0
0,0,0,0,129,28,0,0,64,76,61,62,6,46,1460,1460,1460,1460,1460
0,0,0,0,129,31,55,57,53,54,6,46,787,96,6,0,0,0,0
0,0,0,0,129,35,55,54,75,76,6,46,1460,1460,1460,1460,1460,1460,1460
0,0,0,0,129,38,55,56,65,66,6,46,1460,1460,1460,1460,1460,1460,1460
0,0,0,0,129,38,55,61,70,71,6,46,1460,1460,1460,1460,1460,1460,600
0,0,0,0,129,38,55,77,72,73,6,46,1460,1460,1460,1460,1460,1460,1460
0,0,0,0,129,38,55,78,71,72,6,46,1360,96,6,0,0,0,0
0,0,0,0,129,41,55,76,68,69,6,46,1460,1460,1460,1460,1460,1460,1460
0,0,0,0,129,42,55,74,74,75,6,46,1460,1460,1460,1460,1460,1460,1460
0,0,0,0,130,11,56,30,52,53,6,46,1460,1460,1460,1460,1460,1460,1460
0,0,0,0,130,12,56,46,65,66,6,46,1460,1460,1460,1460,1460,1460,1460
0,0,0,0,130,14,56,55,65,66,6,46,1460,1460,1460,1460,1460,1460,1460
0,0,0,0,130,16,56,47,50,51,6,46,1460,1460,1460,1460,1460,1460,1460
0,0,0,0,130,16,56,51,50,51,6,46,1460,1460,1460,1460,1460,1460,1460
0,0,0,0,130,17,56,33,63,64,6,46,1460,1460,1460,1460,746,97,6
0,0,0,0,130,20,56,35,59,60,6,46,1460,1460,1460,1460,1460,1460,1460
0,0,0,0,130,26,56,71,63,64,6,46,1460,1460,829,97,6,0,0
0,0,0,0,130,27,56,48,53,54,6,46,1460,1460,1460,1460,1460,1460,1460
0,0,0,0,130,31,56,62,64,65,6,46,790,97,6,0,0,0,0
0,0,0,0,130,36,56,59,74,75,6,46,1460,1460,1460,1460,1460,1460,1460
0,0,0,0,130,36,56,65,69,70,6,46,1460,1460,1460,1460,1460,1460,1460
0,0,0,0,130,37,56,58,58,59,6,46,1460,1460,1460,1460,1460,1460,1460
0,0,0,0,130,40,56,78,54,55,6,46,1460,1460,1085,1085,5,97,6
0,0,0,0,130,41,56,72,71,72,6,46,1460,1460,1460,1460,1460,1460,1460
0,0,0,0,130,41,56,83,50,51,6,46,1460,1460,1460,1460,1460,1460,1460
0,0,0,0,130,42,0,0,82,94,57,58,6,46,1460,1460,1456,97,6
0,0,0,0,131,13,57,51,70,71,6,46,1460,1460,1460,1460,1460,1460,1460
0,0,0,0,131,14,57,46,59,60,6,46,1460,1460,1460,1460,1460,1460,1460
0,0,0,0,131,15,57,37,70,71,6,46,1460,1460,1460,1460,1460,1460,1460
0,0,0,0,131,21,57,41,77,78,6,46,1460,1460,1460,1460,1460,1460,1460
0,0,0,0,131,21,57,57,56,57,6,46,1460,1460,1460,1460,1460,1460,1256
0,0,0,0,131,22,57,41,62,63,6,46,1460,1460,1460,1460,1460,1460,1460
0,0,0,0,131,24,57,64,79,80,6,46,1460,1460,1460,1460,1460,1460,1460
0,0,0,0,131,31,0,0,69,81,76,77,6,46,1460,1460,1460,1460,1460
0,0,0,0,131,31,57,45,58,59,6,46,1460,1460,1460,1460,1460,1460,1460
0,0,0,0,131,38,57,54,67,68,6,46,1460,1460,1460,1460,1460,1460,1460
0,0,0,0,131,42,57,69,54,55,6,46,1156,98,6,0,0,0,0
0,0,0,0,132,11,58,45,64,65,6,46,1460,1460,1460,1460,1460,1460,851
0,0,0,0,132,11,58,48,53,54,6,46,1460,1460,1460,1460,1460,1460,1460
0,0,0,0,132,16,58,44,72,73,6,46,1460,1460,1460,1460,1460,1460,1460
0,0,0,0,132,18,58,44,73,74,6,46,1460,1460,707,707,5,99,6
0,0,0,0,132,22,0,0,0,132,22
0,0,0,0,132,27,58,67,68,69,6,46,1460,1460,1460,1460,1460,1460,1460
0,0,0,0,132,28,58,67,74,75,6,46,1460,1460,600,99,6,0,0
0,0,0,0,132,33,58,72,78,79,6,46,1460,1460,1460,1460,1460,1460,1460
0,0,0,0,132,39,58,57,51,52,6,46,1460,1460,1460,1460,1460,1460,1460
0,0,0,0,132,41,58,71,72,73,6,46,1460,1460,1460,1460,1460,1460,1460
0,0,0,0,133,15,59,34,60,61,6,46,1460,1460,1460,1460,1460,1460,1460
0,0,0,0,133,17,59,54,65,66,6,46,1460,1460,1460,1460,1460,1460,1460
0,0,0,0,133,21,59,63,80,81,6,46,938,938,5,100,6,0,0
0,0,0,0,133,22,59,45,65,66,6,46,1460,1460,1460,1460,1460,1460,1460
0,0,0,0,133,26,59,66,63,64,6,46,1460,1460,1460,1460,1460,1460,1460
0,0,0,0,133,34,59,71,70,71,6,46,632,100,6,0,0,0,0
0,0,0,0,133,34,59,73,58,59,6,46,1460,1460,1460,1460,1460,1460,1460
0,0,0,0,133,34,59,77,63,64,6,46,1460,1460,1460,1460,469,469,5
0,0,0,0,133,35,59,48,52,53,6,46,1460,1460,1460,1460,1460,1460,1460
0,0,0,0,133,35,59,80,55,56,6,46,1460,1460,1346,1346,5,100,6
0,0,0,0,133,38,59,52,52,53,6,46,1460,1460,1460,1460,1460,1460,1460
0,0,0,0,133,39,59,55,70,71,6,46,1460,1460,1460,1460,1460,1460,1460
0,0,0,0,134,11,60,36,79,80,6,46,1460,1460,1460,1460,1460,1460,1460
0,0,0,0,134,11,60,39,57,58,6,46,1275,101,6,0,0,0,0
0,0,0,0,134,12,60,30,82,83,6,46,1460,1460,795,795,5,101,6
0,0,0,0,134,12,60,42,56,57,6,46,1460,1460,1460,1460,1460,1460,1460
0,0,0,0,134,12,60,44,0,0,79,80,6,46,1460,1460,1460,1460,1460
0,0,0,0,134,14,60,53,55,56,6,46,1460,1460,183,183,5,101,6
0,0,0,0,134,15,60,46,62,63,6,46,1460,1460,1460,1460,1460,1460,1460
0,0,0,0,134,20,60,56,79,80,6,46,981,101,6,0,0,0,0
0,0,0,0,134,26,60,52,68,69,6,46,1011,101,6,0,0,0,0
0,0,0,0,134,30,60,46,58,0,0,0,6,46,1460,1460,1460,1460,1460
0,0,0,0,134,31,60,50,59,60,6,46,1460,1460,1460,1460,1460,1460,1460
0,0,0,0,134,33,60,65,60,61,6,46,1460,1460,1460,1460,1460,1460,1460
0,0,0,0,134,36,60,54,70,71,6,46,1458,101,6,0,0,0,0
0,0,0,0,134,36,60,76,52,53,6,46,1460,1460,668,101,6,0,0
0,0,0,0,1344,1344,0,0,0
0,0,0,0,134,41,60,61,82,0,0,0,6,46,1460,1460,1460,1460,1460
0,0,0,0,135,14,61,46,54,55,6,46,485,102,6,0,0,0,0
0,0,0,0,135,17,61,32,60,61,6,46,1460,1460,1460,1460,1460,1460,1460
0,0,0,0,135,23,61,39,59,60,6,46,1460,1460,1460,1460,1460,1460,1460
0,0,0,0,135,29,61,50,80,81,6,46,1460,1460,996,102,6,0,0
0,0,0,0,135,29,61,71,65,66,6,46,1460,1460,1460,1460,1460,1460,1460
0,0,0,0,135,33,61,70,67,68,6,46,499,102,6,0,0,0,0
0,0,0,0,135,33,61,75,79,80,6,46,1460,1460,1460,1460,1460,1460,1460
0,0,0,0,135,36,61,71,63,64,6,46,1460,1460,1460,1460,1460,1460,1460
0,0,0,0,135,41,61,73,59,60,6,46,1460,1460,1460,1460,1460,1460,1460
0,0,0,0,136,12,62,44,63,64,6,46,1460,1460,1460,1460,1460,1460,1460
0,0,0,0,136,13,62,34,74,75,6,46,1460,1460,1460,1460,1460,1460,1460
0,0,0,0,136,17,62,41,58,59,6,46,1460,1460,1460,1460,1460,1460,1460
0,0,0,0,136,19,62,33,59,60,6,46,728,103,6,0,0,0,0
0,0,0,0,136,20,62,46,78,79,6,46,1460,1460,1460,1460,1460,1460,1460
0,0,0,0,136,22,62,44,63,64,6,46,1460,1460,438,103,6,0,0
0,0,0,0,136,23,62,40,75,76,6,46,1460,1460,1460,1460,1460,1460,1460
0,0,0,0,136,25,62,57,84,85,6,46,1460,1460,1460,1460,1460,1460,1460
0,0,0,0,136,28,62,62,67,68,6,46,1460,1460,1460,1460,1460,1460,1460
0,0,0,0,136,31,62,61,54,55,6,46,1460,1460,1460,1460,1460,1460,1460
0,0,0,0,136,34,62,49,0,0,80,81,6,46,1460,1460,1460,1460,1460
0,0,0,0,136,35,0,0,53,65,59,60,6,46,1460,1460,1460,1460,1288
0,0,0,0,136,35,62,67,71,72,6,46,1460,1460,1460,1460,1460,1460,1460
0,0,0,0,136,36,62,66,76,77,6,46,1460,1460,1460,1460,1460,1460,1460
0,0,0,0,1460,1460,1132,1132,0,0,0
0,0,0,0,1460,1460,1253,1253,0,0,0
0,0,0,0,1460,1460,1296,1296,0,0,0
0,0,0,0,1460,1460,1460,1460,1041,0,0,0,0
0,0,0,0,1460,1460,1460,1460,1460,1460,1460,1460,1460,1109,1109,0,0,0,0
0,0,0,0,1460,1460,1460,1460,1460,1460,1460,1460,1460,1460,1460,1460,1186,0,0
0,0,0,0,1460,1460,1460,1460,1460,1460,1460,1460,1460,1460,1460,1460,1460,1460,1019
0,0,0,0,1460,1460,1460,1460,1460,1460,1460,1460,1460,1460,1460,1460,1460,1460,1070
0,0,0,0,1460,1460,1460,1460,1460,1460,1460,1460,1460,1460,1460,1460,1460,1460,1191
0,0,0,0,1460,1460,1460,1460,1460,1460,1460,1460,1460,1460,1460,1460,1460,1460,1460
0,0,0,0,1460,1460,1460,1460,1460,1460,1460,1460,1460,1460,1460,1460,1460,1460,1460
0,0,0,0,1460,1460,1460,1460,1460,1460,1460,1460,1460,1460,1460,1460,1460,1460,1460
0,0,0,0,1460,1460,1460,1460,1460,1460,1460,1460,1460,1460,1460,1460,1460,1460,1460
0,0,0,0,1460,1460,1460,1460,1460,1460,1460,1460,1460,1460,1460,1460,1460,1460,1460
0,0,0,0,1460,1460,1460,1460,1460,1460,1460,1460,1460,1460,1460,1460,1460,1460,1460
0,0,0,0,1460,1460,1460,1460,1460,1460,1460,1460,1460,1460,1460,1460,1460,1460,1460
0,0,0,0,1460,1460,1460,1460,1460,1460,1460,1460,1460,1460,1460,1460,1460,1460,1460
0,0,0,0,1460,1460,1460,1460,1460,1460,1460,1460,1460,1460,1460,1460,1460,1460,1460
0,0,0,0,1460,1460,1460,1460,1460,1460,1460,1460,1460,1460,1460,1460,1460,1460,1460
0,0,0,0,1460,1460,1460,1460,1460,1460,1460,1460,1460,1460,1460,1460,1460,1460,1460
0,0,0,0,1460,1460,1460,1460,1460,1460,1460,1460,1460,1460,1460,1460,1460,1460,1460
0,0,0,0,1460,1460,1460,1460,1460,1460,1460,1460,1460,1460,1460,1460,1460,1460,1460
0,0,0,0,1460,1460,1460,1460,1460,1460,1460,1460,1460,1460,1460,1460,1460,1460,1460
0,0,0,0,1460,1460,1460,1460,1460,1460,1460,1460,1460,1460,1460,1460,1460,1460,1460
0,0,0,0,1460,1460,1460,1460,1460,1460,1460,1460,1460,1460,1460,1460,1460,1460,1460
0,0,0,0,1460,1460,1460,1460,1460,1460,1460,1460,1460,1460,1460,1460,1460,1460,1460
0,0,0,0,1460,1460,1460,1460,1460,1460,1460,1460,1460,1460,1460,1460,1460,1460,1460
0,0,0,0,1460,1460,1460,1460,1460,1460,1460,1460,1460,1460,1460,1460,1460,1460,1460
0,0,0,0,1460,1460,1460,1460,1460,1460,1460,1460,1460,1460,1460,1460,1460,1460,1460
0,0,0,0,1460,1460,1460,1460,1460,1460,1460,1460,1460,1460,1460,1460,1460,1460,1460
0,0,0,0,1460,1460,1460,1460,1460,1460,1460,1460,1460,1460,1460,1460,1460,1460,1460
0,0,0,0,1460,1460,1460,1460,1460,1460,1460,1460,1460,1460,1460,1460,1460,1460,1460
0,0,0,0,1460,1460,1460,1460,1460,1460,1460,1460,1460,1460,1460,1460,1460,1460,1460
0,0,0,0,1460,1460,1460,1460,1460,1460,1460,1460,1460,1460,1460,1460,1460,1460,1460
0,0,0,0,1460,1460,1460,1460,1460,1460,1460,1460,1460,1460,1460,1460,1460,1460,1460
0,0,0,0,1460,1460,1460,1460,1460,1460,1460,1460,1460,1460,1460,1460,1460,1460,1460
0,0,0,0,1460,1460,1460,1460,1460,1460,1460,1460,1460,1460,1460,1460,1460,1460,1460
0,0,0,0,1460,1460,1460,1460,1460,1460,1460,1460,1460,1460,1460,1460,1460,1460,1460
0,0,0,0,1460,1460,1460,1460,1460,1460,1460,1460,1460,1460,1460,1460,1460,1460,1460
0,0,0,0,1460,1460,1460,1460,1460,1460,1460,1460,1460,1460,1460,1460,1460,1460,507
0,0,0,0,1460,1460,1460,1460,1460,1460,1460,1460,1460,1460,1460,1460,1460,1460,740
0,0,0,0,1460,1460,1460,1460,1460,1460,1460,1460,1460,1460,1460,1460,1460,1460,998
0,0,0,0,1460,1460,1460,1460,1460,1460,1460,1460,1460,1460,1460,1460,1460,280,280
0,0,0,0,1460,1460,1460,1460,1460,1460,1460,1460,1460,1460,1460,1460,1460,326,326
0,0,0,0,1460,1460,1460,1460,1460,1460,1460,1460,1460,1460,1460,1460,511,0,0
0,0,0,0,1460,1460,1460,1460,1460,1460,1460,1460,1460,1460,1460,962,962,0,0
0,0,0,0,1460,1460,1460,1460,1460,1460,1460,376,0,0,0,0
0,0,0,0,1460,1460,1460,1460,1460,1460,1460,859,0,0,0,0
0,0,0,0,1460,1460,1460,1460,1460,1460,173,0,0,0,0
0,0,0,0,1460,1460,1460,1460,1460,1460,378,0,0,0,0
0,0,0,0,1460,1460,1460,1460,632,0,0,0,0
0,0,0,0,1460,1460,1460,1460,257,0,0,0,0
0,0,0,0,1460,1460,1460,1460,0,0,0,0,0,0,0,0,1460,1460,1460
0,0,0,0,1460,1460,1460,1460,0,0,0,0
0,0,0,0,1460,1460,1460,1460,734,0,0,0,0
0,0,0,0,1460,1460,1460,1,0,0,0
0,0,0,0,1460,1460,1460,307,0,0,0
0,0,0,0,1460,1460,1460,401,0,0,0
0,0,0,0,1460,1460,313,313,0,0,0
0,0,0,0,1460,1460,341,341,0,0,0
0,0,0,0,1460,1460,346,346,0,0,0
0,0,0,0,1460,1460,37,37,0,0,0
0,0,0,0,1460,1460,582,582,0,0,0
0,0,0,0,1460,1460,972,972,0,0,0
0,0,0,0,15,15,12,23,134,0,0,0,0
0,0,0,0,15,15,12,23,135,0,0,0,0
0,0,0,0,15,15,12,23,136,0,0,0,0
0,0,0,0,15,15,12,23,138,0,0,0,0
0,0,0,0,15,15,12,23,139,0,0,0,0
0,0,0,0,15,15,12,23,135,0,0,0,0
0,0,0,0,153,153,1460,1460,348,0,0,0,0
0,0,0,0,153,153,1460,1460,351,0,0,0,0
0,0,0,0,166,166,0,0,0
0,0,0,0,174,174,0,0,0
0,0,0,0,18,10,24,13,6,17,6,16,8,0,0,0,0,0,6
0,0,0,0,18,10,24,15,6,17,6,14,8,0,0,0,0,0,0
0,0,0,0,18,10,24,15,6,17,6,16,8,0,0,0,0,0,0
0,0,0,0,18,10,24,15,6,17,6,18,8,0,0,0,0,0,0
0,0,0,0,18,10,24,17,6,16,6,18,8,0,0,0,6,0,0
0,0,0,0,18,10,24,18,6,17,6,18,8,0,0,0,0,0,0
0,0,0,0,18,10,24,8,6,16,6,13,8,0,0,0,6,0,0
0,0,0,0,18,10,24,8,6,16,6,17,8,11,6,0,0,0,0
0,0,0,0,18,11,24,12,6,16,6,13,8,1029,6,0,0,0,0
0,0,0,0,18,11,24,12,6,18,6,16,8,0,0,0,0,0,0
0,0,0,0,18,11,24,13,6,17,6,15,8,0,0,0,0,0,0
0,0,0,0,18,11,24,16,6,17,6,13,8,0,0,0,0,0,6
0,0,0,0,18,11,24,16,6,17,6,14,8,0,0,0,0,0,0
0,0,0,0,18,11,24,17,6,18,6,14,8,0,0,0,0,0,0
0,0,0,0,18,11,24,20,6,17,6,18,8,0,0,0,0,0,0
0,0,0,0,18,11,24,20,6,17,6,18,8,0,0,0,0,0,0
0,0,0,0,18,11,24,21,6,17,6,16,8,0,0,0,6,0,0
0,0,0,0,18,11,24,22,6,15,6,16,8,726,6,0,0,0,0
0,0,0,0,18,11,77,278,0,0,0
0,0,0,0,18,12,24,14,6,17,6,13,8,0,0,0,6,0,0
0,0,0,0,18,12,24,14,6,17,6,16,8,0,0,0,0,0,6
0,0,0,0,18,12,24,17,6,17,6,17,8,0,0,0,6,0,0
0,0,0,0,18,12,24,18,6,17,6,17,8,0,0,0,0,0,0
0,0,0,0,18,12,24,22,6,16,6,15,8,24,6,0,0,0,0
0,0,0,0,18,12,24,23,6,17,6,15,8,0,0,0,6,0,0
0,0,0,0,18,12,24,8,6,17,6,14,8,0,0,0,0,402,6
0,0,0,0,18,12,24,9,6,17,6,13,8,0,0,0,0,0,0
0,0,0,0,18,13,24,10,6,17,6,16,8,0,0,0,0,0,0
0,0,0,0,18,13,24,11,6,15,6,16,8,812,6,0,0,0,0
0,0,0,0,18,13,24,11,6,16,6,17,8,1331,6,0,0,0,0
0,0,0,0,18,13,24,14,6,16,6,15,8,54,6,0,0,0,0
0,0,0,0,18,13,24,15,6,17,6,17,8,0,0,0,6,0,0
0,0,0,0,18,13,24,16,6,17,6,16,8,0,0,0,0,0,0
0,0,0,0,18,13,24,17,6,16,6,13,8,18,6,0,0,0,0
0,0,0,0,18,13,24,18,6,17,6,13,8,0,0,0,6,0,0
0,0,0,0,18,13,24,19,6,17,6,18,8,0,0,0,0,0,0
0,0,0,0,18,13,24,20,6,16,6,17,8,878,6,0,0,0,0
0,0,0,0,18,13,24,20,6,16,6,18,8,1145,6,0,0,0,0
0,0,0,0,18,13,24,20,6,17,6,18,8,0,0,0,6,0,0
0,0,0,0,18,14,24,10,6,16,6,17,8,1436,6,0,0,0,0
0,0,0,0,18,14,24,11,6,15,6,14,8,735,6,0,0,0,0
0,0,0,0,18,14,24,12,6,17,6,18,8,0,0,0,0,0,0
0,0,0,0,18,14,24,13,6,17,6,16,8,0,0,0,0,0,0
0,0,0,0,18,14,24,22,6,16,6,17,8,1426,6,0,0,0,0
0,0,0,0,18,14,24,22,6,19,6,15,8,0,0,0,0,0,0
0,0,0,0,18,14,24,23,6,17,6,15,8,0,0,0,0,0,0
0,0,0,0,18,14,24,9,6,16,6,13,8,1249,6,0,0,0,0
0,0,0,0,18,14,24,9,6,17,6,17,8,0,0,0,0,0,0
0,0,0,0,18,15,24,10,6,16,6,18,8,519,6,0,0,0,0
0,0,0,0,18,15,24,11,6,16,6,18,8,1040,6,0,0,0,0
0,0,0,0,18,15,24,11,6,17,6,14,8,0,0,0,6,0,0
0,0,0,0,18,15,24,14,6,17,6,13,8,0,0,0,0,0,0
0,0,0,0,18,15,24,15,6,16,6,16,8,1023,6,0,0,0,0
0,0,0,0,18,15,24,16,6,18,6,15,8,0,0,0,0,0,0
0,0,0,0,18,15,24,17,6,15,6,18,8,772,6,0,0,0,0
0,0,0,0,18,15,24,17,6,17,6,14,8,0,0,0,6,0,0
0,0,0,0,18,15,24,17,6,17,6,16,8,0,0,0,6,0,0
0,0,0,0,18,15,24,17,6,18,6,15,8,0,0,0,0,0,0
0,0,0,0,18,15,24,19,6,17,6,15,8,0,0,0,0,0,0
0,0,0,0,18,15,24,20,6,17,6,14,8,0,0,0,0,0,0
0,0,0,0,18,15,24,21,6,17,6,18,8,0,0,0,0,0,6
0,0,0,0,18,15,24,23,6,17,6,14,8,0,0,0,0,0,6
0,0,0,0,18,15,24,8,6,17,6,16,8,0,0,0,0,0,6
0,0,0,0,18,15,24,8,6,17,6,18,8,0,0,0,0,0,0
0,0,0,0,18,16,24,10,6,16,6,17,8,908,6,0,0,0,0
0,0,0,0,18,16,24,11,6,16,6,17,8,1397,6,0,0,0,0
0,0,0,0,18,16,24,11,6,17,6,17,8,0,0,0,0,0,0
0,0,0,0,18,16,24,12,6,17,6,13,8,0,0,0,0,0,0
0,0,0,0,18,16,24,12,6,18,6,14,8,0,0,0,0,0,0
0,0,0,0,18,16,24,15,6,19,6,14,8,0,0,0,0,0,0
0,0,0,0,18,16,24,16,6,17,6,13,8,0,0,0,6,0,0
0,0,0,0,18,16,24,16,6,18,6,18,8,0,0,0,0,0,0
0,0,0,0,18,16,24,17,6,16,6,13,8,1083,6,0,0,0,0
0,0,0,0,18,16,24,18,6,15,6,14,8,642,6,0,0,0,0
0,0,0,0,18,16,24,20,6,17,6,0,0,0,8,0,0,0,0
0,0,0,0,18,16,24,21,6,16,6,17,8,0,0,0,6,0,0
0,0,0,0,18,17,24,10,6,17,6,14,8,0,0,0,0,0,0
0,0,0,0,18,17,24,12,6,16,6,17,8,1079,6,0,0,0,0
0,0,0,0,18,17,24,12,6,16,6,18,8,1437,6,0,0,0,0
0,0,0,0,18,17,24,12,6,17,6,13,8,0,0,0,6,0,0
0,0,0,0,18,17,24,15,6,16,6,14,8,1092,6,0,0,0,0
0,0,0,0,18,17,24,15,6,18,6,16,8,0,0,0,0,0,0
0,0,0,0,18,17,24,17,6,17,6,18,8,0,0,0,0,0,0
0,0,0,0,18,17,24,18,6,17,6,14,8,0,0,0,6,0,0
0,0,0,0,18,17,24,19,6,18,6,18,8,0,0,0,0,0,0
0,0,0,0,18,17,24,20,6,17,6,18,8,0,0,0,6,0,0
0,0,0,0,18,17,24,21,6,15,6,13,8,861,6,0,0,0,0
0,0,0,0,18,17,24,22,6,16,6,17,8,1167,6,0,0,0,0
0,0,0,0,18,17,24,8,6,18,6,17,8,0,0,0,0,0,0
0,0,0,0,18,18,1460,1460,0,0,0,0
0,0,0,0,18,18,24,10,6,16,6,17,8,415,6,0,0,0,0
0,0,0,0,18,18,24,10,6,16,6,18,8,9,6,0,0,0,0
0,0,0,0,18,18,24,11,6,17,6,15,8,0,0,0,0,408,6
0,0,0,0,18,18,24,11,6,17,6,18,8,0,0,0,6,0,0
0,0,0,0,18,18,24,13,6,17,6,15,8,0,0,0,0,0,0
0,0,0,0,18,18,24,14,6,16,6,16,8,0,0,0,6,0,0
0,0,0,0,18,18,24,16,6,16,6,14,8,1298,6,0,0,0,0
0,0,0,0,18,18,24,19,6,16,6,18,8,1117,6,0,0,0,0
0,0,0,0,18,18,24,21,6,17,6,14,8,0,0,0,6,0,0
0,0,0,0,18,18,24,21,6,18,6,13,8,0,0,0,0,0,0
0,0,0,0,18,18,24,8,6,17,6,16,8,0,0,0,6,0,0
0,0,0,0,18,19,24,15,6,15,6,18,8,990,6,0,0,0,0
0,0,0,0,18,19,24,16,6,18,6,15,8,0,0,0,0,0,0
0,0,0,0,18,19,24,18,6,17,6,14,8,0,0,0,0,0,0
0,0,0,0,18,19,24,19,6,17,6,15,8,0,0,0,0,0,0
0,0,0,0,18,19,24,20,6,17,6,15,8,0,0,0,0,0,0
0,0,0,0,18,19,24,23,6,17,6,18,8,0,0,0,0,0,0
0,0,0,0,18,20,24,14,6,16,6,15,8,0,0,0,6,0,0
0,0,0,0,18,20,24,14,6,16,6,16,8,858,6,0,0,0,0
0,0,0,0,18,20,24,15,6,16,6,14,8,1149,6,0,0,0,0
0,0,0,0,18,20,24,15,6,17,6,18,8,0,0,0,0,0,6
0,0,0,0,18,20,24,15,6,18,6,15,8,0,0,0,0,0,0
0,0,0,0,18,20,24,17,6,16,6,16,8,1434,6,0,0,0,0
0,0,0,0,18,20,24,19,6,16,6,0,0,0,8,0,0,0,6
0,0,0,0,18,20,24,23,6,16,6,18,8,0,0,0,6,0,0
0,0,0,0,18,20,24,23,6,17,6,17,8,0,0,0,0,0,0
0,0,0,0,18,21,24,10,6,17,6,15,8,0,0,0,0,0,0
0,0,0,0,18,21,24,11,6,17,6,15,8,0,0,0,0,0,0
0,0,0,0,18,21,24,11,6,17,6,16,8,0,0,0,6,0,0
0,0,0,0,18,21,24,14,6,18,6,13,8,0,0,0,0,0,0
0,0,0,0,18,21,24,16,6,18,6,14,8,0,0,0,0,0,0
0,0,0,0,18,21,24,17,6,17,6,17,8,0,0,0,0,0,6
0,0,0,0,18,21,24,18,6,17,6,18,8,0,0,0,6,0,0
0,0,0,0,18,21,24,19,6,16,6,14,8,1366,6,0,0,0,0
0,0,0,0,18,21,24,20,6,18,6,16,8,0,0,0,0,0,0
0,0,0,0,18,22,24,10,6,15,6,15,8,579,6,0,0,0,0
0,0,0,0,18,22,24,10,6,17,6,17,8,0,0,0,0,0,0
0,0,0,0,18,22,24,11,6,16,6,18,8,1138,6,0,0,0,0
0,0,0,0,18,22,24,11,6,17,6,16,8,0,0,0,0,0,0
0,0,0,0,18,22,24,11,6,18,6,16,8,0,0,0,0,0,0
0,0,0,0,18,22,24,12,6,17,6,17,8,0,0,0,0,0,0
0,0,0,0,18,22,24,13,6,17,6,13,8,0,0,0,6,0,0
0,0,0,0,18,22,24,13,6,17,6,14,8,0,0,0,0,0,0
0,0,0,0,18,22,24,14,6,17,6,15,8,0,0,0,0,0,6
0,0,0,0,18,22,24,14,6,17,6,16,8,0,0,0,0,0,0
0,0,0,0,18,22,24,14,6,17,6,16,8,0,0,0,0,0,0
0,0,0,0,18,22,24,19,6,16,6,15,8,1364,6,0,0,0,0
0,0,0,0,18,22,24,20,6,17,6,14,8,0,0,0,0,0,0
0,0,0,0,18,22,24,21,6,15,6,15,8,629,6,0,0,0,0
0,0,0,0,18,22,24,23,6,16,6,0,0,0,8,1423,6,0,0
0,0,0,0,18,22,24,23,6,17,6,15,8,0,0,0,6,0,0
0,0,0,0,18,22,24,9,6,16,6,17,8,280,6,0,0,0,0
0,0,0,0,18,23,24,10,6,16,6,18,8,1002,6,0,0,0,0
0,0,0,0,18,23,24,10,6,17,6,14,8,0,0,0,6,0,0
0,0,0,0,18,23,24,12,6,16,6,18,8,1426,6,0,0,0,0
0,0,0,0,18,23,24,15,6,17,6,13,8,0,0,0,6,0,0
0,0,0,0,18,23,24,16,6,17,6,14,8,0,0,0,0,0,0
0,0,0,0,18,23,24,16,6,17,6,15,8,0,0,0,6,0,0
0,0,0,0,18,23,24,17,6,17,6,17,8,0,0,0,6,0,0
0,0,0,0,18,23,24,21,6,17,6,13,8,0,0,0,0,0,0
0,0,0,0,18,23,24,21,6,17,6,15,8,0,0,0,0,0,0
0,0,0,0,18,23,24,22,6,17,6,17,8,0,0,0,0,0,0
0,0,0,0,18,23,24,8,6,16,6,18,8,1286,6,0,0,0,0
0,0,0,0,18,23,24,8,6,17,6,16,8,0,0,0,0,0,6
0,0,0,0,18,23,24,9,6,18,6,17,8,0,0,0,0,0,0
0,0,0,0,185,185,0,0,0
0,0,0,0,187,187,0,0,0
0,0,0,0,18,8,24,12,6,17,6,16,8,0,0,0,0,0,0
0,0,0,0,18,8,24,12,6,18,6,18,8,0,0,0,0,0,0
0,0,0,0,18,8,24,17,6,17,6,13,8,0,0,0,0,0,0
0,0,0,0,18,8,24,18,6,17,6,17,8,0,0,0,0,0,0
0,0,0,0,18,8,24,19,6,17,6,13,8,0,0,0,6,0,0
0,0,0,0,18,8,24,19,6,17,6,17,8,0,0,0,0,0,0
0,0,0,0,18,8,24,21,6,18,6,16,8,0,0,0,0,0,0
0,0,0,0,18,8,24,23,6,17,6,17,8,0,0,0,0,0,0
0,0,0,0,18,8,24,23,6,18,6,15,8,0,0,0,0,0,0
0,0,0,0,18,8,24,8,6,16,6,17,8,1393,6,0,0,0,0
0,0,0,0,18,8,24,9,6,17,6,16,8,0,0,0,6,0,0
0,0,0,0,18,8,24,9,6,18,6,18,8,0,0,0,0,0,0
0,0,0,0,18,9,24,10,6,16,6,14,8,48,6,0,0,0,0
0,0,0,0,18,9,24,12,6,17,6,16,8,0,0,0,0,0,0
0,0,0,0,18,9,24,15,6,16,6,17,8,1276,6,0,0,0,0
0,0,0,0,18,9,24,15,6,17,6,13,8,0,0,0,0,0,0
0,0,0,0,18,9,24,19,6,18,6,17,8,0,0,0,0,0,0
0,0,0,0,18,9,24,23,6,16,6,17,8,796,6,0,0,0,0
0,0,0,0,18,9,24,23,6,17,6,15,8,0,0,0,6,0,0
0,0,0,0,18,9,24,9,6,17,6,14,8,0,0,0,0,0,0
0,0,0,0,19,20,16,16,1460,875,0,0,0,0
0,0,0,0,21,19,24,36,6,19,6,0,0,0,0
0,0,0,0,22,16,76,63,31,1460,1460,578,0,0,0,0
0,0,0,0,22,16,76,66,31,1460,1460,581,0,0,0,0
0,0,0,0,22,324,364,10,0,0,0
0,0,0,0,22,324,364,8,0,0,0
0,0,0,0,23,23,1174,1174,0,0,0
0,0,0,0,235,235,0,0,0
0,0,0,0,24,24,0,0,0
0,0,0,0,24,24,24,1031,0,0,0
0,0,0,0,247,247,0,0,0
0,0,0,0,254,254,0,0,0
0,0,0,0,266,266,44,44,0,0,0
0,0,0,0,266,266,49,49,0,0,0
0,0,0,0,266,266,63,63,0,0,0
0,0,0,0,269,269,0,0,0
0,0,0,0,281,281,0,0,0
0,0,0,0,28,29,0,0,29,30,6,19,6,0,0,0,0
0,0,0,0,286,286,0,0,0
0,0,0,0,290,290,0,0,0
0,0,0,0,29,29,0,0,0
0,0,0,0,30,16,34,15,0,0,17,0,0,0,0,0,0,0,0
0,0,0,0,32,16,76,37,603,0,0,0,0
0,0,0,0,32,16,76,50,934,0,0,0,0
0,0,0,0,33,81,8,9,0,0,0
0,0,0,0,34,28,0,0,0
0,0,0,0,34,31,31,31,1460,836,0,0,0,0
0,0,0,0,34,34,0,0,0
0,0,0,0,35,35,0,0,0
0,0,0,0,38,38,0,0,0
0,0,0,0,39,39,0,0,0
0,0,0,0,39,39,21,21,87,0,0,0,0
0,0,0,0,40,40,1460,1460,1460,1460,1460,1325,1325,0,0,0,0
0,0,0,0,40,40,40,40,1460,1460,1460,1460,1460,1460,1460,1460,728,0,0
0,0,0,0,418,418,0,0,0
0,0,0,0,42,16,76,537,0,0,0
0,0,0,0,42,42,42,42,1460,1460,1460,1460,1460,794,0,0,0,0
0,0,0,0,43,15,76,14,26,8,41,0,0,0,0,0,0
0,0,0,0,43,43,0,0,0
0,0,0,0,43,43,43,43,0,0,0,0
0,0,0,0,4,4,298,298,0,0,0
0,0,0,0,445,445,0,0,0
0,0,0,0,46,46,0,0,0
0,0,0,0,471,471,0,0,0
0,0,0,0,47,16,0,0,0,999,0,0,0,0
0,0,0,0,47,16,68,14,9,16,7,0,0,0,35,9,35,0,0
0,0,0,0,47,16,68,14,9,16,7,0,0,0,46,10,46,0,0
0,0,0,0,476,476,0,0,0
0,0,0,0,48,16,68,14,9,16,7,0,0,0,31,9,31,0,0
0,0,0,0,48,16,68,14,9,16,7,0,0,0,36,9,36,0,0
0,0,0,0,48,16,68,14,9,16,7,51,36,9,36,0,0,0,0
0,0,0,0,48,48,0,0,0
0,0,0,0,49,16,68,14,9,16,7,0,0,0,37,7,37,0,0
0,0,0,0,49,16,68,14,9,16,7,0,0,0,37,9,37,0,0
0,0,0,0,49,218,0,0,0
0,0,0,0,50,16,68,14,9,16,7,0,0,0,38,0,0,0,38
0,0,0,0,50,16,68,14,9,16,7,0,0,0,41,9,41,0,0
0,0,0,0,50,16,68,14,9,16,7,52,35,9,35,0,0,0,0
0,0,0,0,50,16,68,14,9,16,7,52,37,10,37,0,0,0,0
0,0,0,0,508,508,0,0,0
0,0,0,0,51,16,68,14,9,16,7,0,0,0,36,10,36,0,0
0,0,0,0,51,16,68,14,9,16,7,0,0,0,36,10,36,0,0
0,0,0,0,51,16,68,14,9,16,7,0,0,0,40,8,40,0,0
0,0,0,0,51,16,68,14,9,16,7,0,0,0,41,12,41,0,0
0,0,0,0,51,16,68,14,9,16,7,52,37,10,37,0,0,0,0
0,0,0,0,512,512,0,0,0
0,0,0,0,51,51,0,0,0
0,0,0,0,531,531,0,0,0
0,0,0,0,53,16,68,14,9,16,7,0,0,0,40,10,40,0,0
0,0,0,0,53,16,68,14,9,16,7,0,0,0,41,9,41,0,0
0,0,0,0,53,16,68,14,9,16,7,0,0,0,42,9,42,0,0
0,0,0,0,53,16,68,14,9,16,7,0,0,0,45,10,45,0,0
0,0,0,0,53,16,68,14,9,16,7,52,42,9,42,0,0,0,0
0,0,0,0,53,53,72,72,0,0,0
0,0,0,0,538,538,0,0,0
0,0,0,0,54,16,68,14,9,16,7,0,0,0,36,9,36,0,0
0,0,0,0,54,16,68,14,9,16,7,0,0,0,36,9,36,0,0
0,0,0,0,54,54,963,23,23,23,23,1460,1460,1460,1460,1460,1460,1460,1460
0,0,0,0,54,8,76,10,31,31,1460,1460,1460,1460,1460,1460,1460,1460,1460
0,0,0,0,55,16,68,14,9,16,7,0,0,0,41,10,41,0,0
0,0,0,0,55,16,68,14,9,16,7,0,0,0,41,9,41,0,0
0,0,0,0,55,55,0,0,0
0,0,0,0,56,16,68,14,9,16,7,0,0,0,38,9,38,0,0
0,0,0,0,56,16,68,14,9,16,7,50,36,10,36,0,0,0,0
0,0,0,0,56,83,11,101,0,0,0
0,0,0,0,56,86,11,103,0,0,0
0,0,0,0,57,16,68,14,9,16,7,0,0,0,36,10,36,0,0
0,0,0,0,57,16,68,14,9,16,7,0,0,0,37,9,37,0,0
0,0,0,0,57,16,68,14,9,16,7,0,0,0,40,9,40,0,0
0,0,0,0,580,580,0,0,0
0,0,0,0,58,16,68,14,9,16,7,0,0,0,37,8,37,0,0
0,0,0,0,58,16,68,14,9,16,7,0,0,0,43,9,43,0,0
0,0,0,0,58,16,68,14,9,16,7,0,0,0,44,10,44,0,0
0,0,0,0,583,583,0,0,0
0,0,0,0,59,16,68,14,9,16,7,0,0,0,30,9,30,0,0
0,0,0,0,59,16,68,14,9,16,7,0,0,0,31,8,31,0,0
0,0,0,0,59,16,68,14,9,16,7,0,0,0,34,10,34,0,0
0,0,0,0,59,16,68,14,9,16,7,0,0,0,35,9,35,0,0
0,0,0,0,592,592,0,0,0
0,0,0,0,59,793,0,0,0
0,0,0,0,60,15,76,15,9,0,0,0,0
0,0,0,0,60,16,68,14,9,16,7,0,0,0,34,10,34,0,0
0,0,0,0,60,16,68,14,9,16,7,0,0,0,38,10,38,0,0
0,0,0,0,60,16,68,14,9,16,7,0,0,0,41,9,41,0,0
0,0,0,0,60,16,68,14,9,16,7,52,45,9,45,0,0,0,0
0,0,0,0,60,60,21,21,87,0,0,0,0
0,0,0,0,61,16,0,0,14,28,9,16,7,0,0,0,32,9,32
0,0,0,0,61,16,68,14,9,16,7,0,0,0,34,9,34,0,0
0,0,0,0,61,16,68,14,9,16,7,0,0,0,40,9,40,0,0
0,0,0,0,61,81,8,9,0,0,0,0,0
0,0,0,0,62,16,68,14,9,16,7,0,0,0,36,10,36,0,0
0,0,0,0,62,16,68,14,9,16,7,51,40,9,40,0,0,0,0
0,0,0,0,62,31,22,264,0,0,0
0,0,0,0,63,11,118,118,1460,1460,1460,1460,1460,1095,0,0,0,0
0,0,0,0,63,16,68,14,9,16,7,0,0,0,35,9,35,0,0
0,0,0,0,63,16,68,14,9,16,7,0,0,0,38,10,38,0,0
0,0,0,0,63,16,68,14,9,16,7,0,0,0,44,9,44,0,0
0,0,0,0,63,16,68,14,9,16,7,52,37,10,37,0,0,0,0
0,0,0,0,63,16,68,14,9,16,7,52,39,9,39,0,0,0,0
0,0,0,0,64,16,68,14,9,16,7,0,0,0,34,9,34,0,0
0,0,0,0,64,16,68,14,9,16,7,0,0,0,36,10,36,0,0
0,0,0,0,64,16,68,14,9,16,7,0,0,0,43,9,43,0,0
0,0,0,0,65,16,68,14,9,16,7,0,0,0,32,9,32,0,0
0,0,0,0,65,16,68,14,9,16,7,0,0,0,42,9,42,0,0
0,0,0,0,65,16,68,14,9,16,7,0,0,0,45,9,45,0,0
0,0,0,0,65,16,68,14,9,16,7,52,42,9,42,0,0,0,0
0,0,0,0,66,16,68,14,9,16,7,0,0,0,36,9,36,0,0
0,0,0,0,66,16,68,14,9,16,7,0,0,0,38,10,38,0,0
0,0,0,0,67,16,68,14,9,16,7,0,0,0,32,9,32,0,0
0,0,0,0,67,16,68,14,9,16,7,0,0,0,39,9,39,0,0
0,0,0,0,67,24,28,28,1460,514,0,0,0,0
0,0,0,0,68,16,68,14,0,0,9,16,7,0,0,0,47,10,47
0,0,0,0,68,16,68,14,9,16,7,0,0,0,36,9,36,0,0
0,0,0,0,68,16,68,14,9,16,7,0,0,0,38,9,38,0,0
0,0,0,0,68,16,68,14,9,16,7,52,39,10,39,0,0,0,0
0,0,0,0,681,681,0,0,0
0,0,0,0,683,683,0,0,0
0,0,0,0,69,16,68,14,9,16,7,0,0,0,34,10,34,0,0
0,0,0,0,69,16,68,14,9,16,7,0,0,0,34,9,34,0,0
0,0,0,0,69,16,68,14,9,16,7,0,0,0,39,9,39,0,0
0,0,0,0,69,16,68,14,9,16,7,0,0,0,42,10,42,0,0
0,0,0,0,69,16,76,64,31,487,0,0,0,0
0,0,0,0,69,21,37,32,47,8,7,55,927,0,0,0,0
0,0,0,0,69,69,1055,0,0,0
0,0,0,0,70,16,68,14,9,16,7,0,0,0,35,9,35,0,0
0,0,0,0,70,16,68,14,9,16,7,0,0,0,40,10,40,0,0
0,0,0,0,70,16,68,14,9,16,7,0,0,0,42,10,42,0,0
0,0,0,0,70,16,68,14,9,16,7,0,0,0,45,9,45,0,0
0,0,0,0,71,16,68,14,9,16,7,0,0,0,39,9,39,0,0
0,0,0,0,71,41,31,25,24,35,7,50,50,880,0,0,0,0
0,0,0,0,72,16,68,14,9,16,7,0,0,0,37,10,37,0,0
0,0,0,0,72,16,68,14,9,16,7,0,0,0,39,10,39,0,0
0,0,0,0,72,16,68,14,9,16,7,0,0,0,39,9,39,0,0
0,0,0,0,72,16,68,14,9,16,7,0,0,0,43,9,43,0,0
0,0,0,0,72,72,1055,0,0,0
0,0,0,0,729,729,0,0,0
0,0,0,0,73,16,68,14,9,16,7,0,0,0,40,10,40,0,0
0,0,0,0,73,16,68,14,9,16,7,51,42,9,42,0,0,0,0
0,0,0,0,73,16,68,14,9,16,7,52,35,9,35,0,0,0,0
0,0,0,0,73,16,68,14,9,16,7,52,37,10,37,0,0,0,0
0,0,0,0,74,12,76,8,7,27,266,0,0,0,0
0,0,0,0,74,16,68,14,9,16,7,0,0,0,35,9,35,0,0
0,0,0,0,74,16,68,14,9,16,7,0,0,0,41,9,41,0,0
0,0,0,0,74,16,68,14,9,16,7,51,42,9,42,0,0,0,0
0,0,0,0,75,16,68,14,9,16,7,0,0,0,36,9,36,0,0
0,0,0,0,75,16,68,14,9,16,7,0,0,0,39,10,39,0,0
0,0,0,0,75,16,68,14,9,16,7,0,0,0,40,10,40,0,0
0,0,0,0,75,16,68,14,9,16,7,0,0,0,41,9,41,0,0
0,0,0,0,76,16,68,14,9,16,7,0,0,0,36,9,36,0,0
0,0,0,0,76,16,68,14,9,16,7,0,0,0,38,10,38,0,0
0,0,0,0,76,16,68,14,9,16,7,51,37,9,37,0,0,0,0
0,0,0,0,77,16,68,14,9,16,7,0,0,0,34,9,34,0,0
0,0,0,0,77,16,68,14,9,16,7,0,0,0,39,10,39,0,0
0,0,0,0,77,16,68,14,9,16,7,0,0,0,42,9,42,0,0
0,0,0,0,78,16,68,14,9,16,7,0,0,0,45,10,45,0,0
0,0,0,0,78,78,0,0,0
0,0,0,0,79,1293,0,0,0
0,0,0,0,80,36,40,34,24,35,7,50,50,880,0,0,0,0
0,0,0,0,804,804,0,0,0
0,0,0,0,80,64,11,74,0,0,0
0,0,0,0,82,17,5,5,1137,0,0,0,0
0,0,0,0,82,82,0,0,0
0,0,0,0,8,8,821,821,0,0,0
0,0,0,0,89,89,1257,0,0,0
0,0,0,0,903,903,0,0,0
0,0,0,0,91,17,5,5,1137,0,0,0,0
0,0,0,0,94,94,1207,0,0,0
0,0,0,0,95,7,20,15,11,5,7,14,7,14,7,39,7,447,7
0,0,0,0,95,95,1460,1460,713,0,0,0,0
0,0,0,0,995,995,0,0,0
0,0,0,46,10,46,0,0,0,0,0,0,46,10,46,0,0,0,0
0,172,0,0,0,0,0,0
117,36,43,50,62,39,40,6,0,0,1460,1460,1460,1460,1460,1460,1460,1460,1460
